x,y,x_orig,y_orig
126.33333333333333,109.0,126.33333333333333,109.0
126.66666666666667,109.0,126.66666666666667,109.0
127.0,109.0,127.0,109.0
127.33333333333333,109.0,127.33333333333333,109.0
127.66666666666667,109.0,127.66666666666667,109.0
128.0,109.0,128.0,109.0
128.33333333333334,109.0,128.33333333333334,109.0
128.66666666666666,109.0,128.66666666666666,109.0
126.0,109.33333333333333,126.0,109.33333333333333
126.33333333333333,109.33333333333333,126.33333333333333,109.33333333333333
126.66666666666667,109.33333333333333,126.66666666666667,109.33333333333333
127.0,109.33333333333333,127.0,109.33333333333333
127.33333333333333,109.33333333333333,127.33333333333333,109.33333333333333
127.66666666666667,109.33333333333333,127.66666666666667,109.33333333333333
128.0,109.33333333333333,128.0,109.33333333333333
128.33333333333334,109.33333333333333,128.33333333333334,109.33333333333333
128.66666666666666,109.33333333333333,128.66666666666666,109.33333333333333
129.0,109.33333333333333,129.0,109.33333333333333
129.33333333333334,109.33333333333333,129.33333333333334,109.33333333333333
125.0,109.66666666666667,125.0,109.66666666666667
125.33333333333333,109.66666666666667,125.33333333333333,109.66666666666667
125.66666666666667,109.66666666666667,125.66666666666667,109.66666666666667
126.0,109.66666666666667,126.0,109.66666666666667
126.33333333333333,109.66666666666667,126.33333333333333,109.66666666666667
126.66666666666667,109.66666666666667,126.66666666666667,109.66666666666667
127.0,109.66666666666667,127.0,109.66666666666667
127.33333333333333,109.66666666666667,127.33333333333333,109.66666666666667
127.66666666666667,109.66666666666667,127.66666666666667,109.66666666666667
128.0,109.66666666666667,128.0,109.66666666666667
128.33333333333334,109.66666666666667,128.33333333333334,109.66666666666667
128.66666666666666,109.66666666666667,128.66666666666666,109.66666666666667
129.0,109.66666666666667,129.0,109.66666666666667
129.33333333333334,109.66666666666667,129.33333333333334,109.66666666666667
129.66666666666666,109.66666666666667,129.66666666666666,109.66666666666667
124.66666666666667,110.0,124.66666666666667,110.0
125.0,110.0,125.0,110.0
125.33333333333333,110.0,125.33333333333333,110.0
125.66666666666667,110.0,125.66666666666667,110.0
126.0,110.0,126.0,110.0
126.33333333333333,110.0,126.33333333333333,110.0
126.66666666666667,110.0,126.66666666666667,110.0
127.0,110.0,127.0,110.0
127.33333333333333,110.0,127.33333333333333,110.0
127.66666666666667,110.0,127.66666666666667,110.0
128.0,110.0,128.0,110.0
128.33333333333334,110.0,128.33333333333334,110.0
128.66666666666666,110.0,128.66666666666666,110.0
129.0,110.0,129.0,110.0
129.33333333333334,110.0,129.33333333333334,110.0
129.66666666666666,110.0,129.66666666666666,110.0
130.0,110.0,130.0,110.0
124.33333333333333,110.33333333333333,124.33333333333333,110.33333333333333
124.66666666666667,110.33333333333333,124.66666666666667,110.33333333333333
125.0,110.33333333333333,125.0,110.33333333333333
125.33333333333333,110.33333333333333,125.33333333333333,110.33333333333333
125.66666666666667,110.33333333333333,125.66666666666667,110.33333333333333
126.0,110.33333333333333,126.0,110.33333333333333
126.33333333333333,110.33333333333333,126.33333333333333,110.33333333333333
126.66666666666667,110.33333333333333,126.66666666666667,110.33333333333333
127.0,110.33333333333333,127.0,110.33333333333333
127.33333333333333,110.33333333333333,127.33333333333333,110.33333333333333
127.66666666666667,110.33333333333333,127.66666666666667,110.33333333333333
128.0,110.33333333333333,128.0,110.33333333333333
128.33333333333334,110.33333333333333,128.33333333333334,110.33333333333333
128.66666666666666,110.33333333333333,128.66666666666666,110.33333333333333
129.0,110.33333333333333,129.0,110.33333333333333
129.33333333333334,110.33333333333333,129.33333333333334,110.33333333333333
129.66666666666666,110.33333333333333,129.66666666666666,110.33333333333333
130.0,110.33333333333333,130.0,110.33333333333333
123.33333333333333,110.66666666666667,123.33333333333333,110.66666666666667
123.66666666666667,110.66666666666667,123.66666666666667,110.66666666666667
124.0,110.66666666666667,124.0,110.66666666666667
124.33333333333333,110.66666666666667,124.33333333333333,110.66666666666667
124.66666666666667,110.66666666666667,124.66666666666667,110.66666666666667
125.0,110.66666666666667,125.0,110.66666666666667
125.33333333333333,110.66666666666667,125.33333333333333,110.66666666666667
125.66666666666667,110.66666666666667,125.66666666666667,110.66666666666667
126.0,110.66666666666667,126.0,110.66666666666667
126.33333333333333,110.66666666666667,126.33333333333333,110.66666666666667
126.66666666666667,110.66666666666667,126.66666666666667,110.66666666666667
127.0,110.66666666666667,127.0,110.66666666666667
127.33333333333333,110.66666666666667,127.33333333333333,110.66666666666667
127.66666666666667,110.66666666666667,127.66666666666667,110.66666666666667
128.0,110.66666666666667,128.0,110.66666666666667
128.33333333333334,110.66666666666667,128.33333333333334,110.66666666666667
128.66666666666666,110.66666666666667,128.66666666666666,110.66666666666667
129.0,110.66666666666667,129.0,110.66666666666667
129.33333333333334,110.66666666666667,129.33333333333334,110.66666666666667
129.66666666666666,110.66666666666667,129.66666666666666,110.66666666666667
130.0,110.66666666666667,130.0,110.66666666666667
130.33333333333334,110.66666666666667,130.33333333333334,110.66666666666667
123.0,111.0,123.0,111.0
123.33333333333333,111.0,123.33333333333333,111.0
123.66666666666667,111.0,123.66666666666667,111.0
124.0,111.0,124.0,111.0
124.33333333333333,111.0,124.33333333333333,111.0
124.66666666666667,111.0,124.66666666666667,111.0
125.0,111.0,125.0,111.0
125.33333333333333,111.0,125.33333333333333,111.0
125.66666666666667,111.0,125.66666666666667,111.0
126.0,111.0,126.0,111.0
126.33333333333333,111.0,126.33333333333333,111.0
126.66666666666667,111.0,126.66666666666667,111.0
127.0,111.0,127.0,111.0
127.33333333333333,111.0,127.33333333333333,111.0
127.66666666666667,111.0,127.66666666666667,111.0
128.0,111.0,128.0,111.0
128.33333333333334,111.0,128.33333333333334,111.0
128.66666666666666,111.0,128.66666666666666,111.0
129.0,111.0,129.0,111.0
129.33333333333334,111.0,129.33333333333334,111.0
129.66666666666666,111.0,129.66666666666666,111.0
130.0,111.0,130.0,111.0
130.33333333333334,111.0,130.33333333333334,111.0
130.66666666666666,111.0,130.66666666666666,111.0
122.33333333333333,111.33333333333333,122.33333333333333,111.33333333333333
122.66666666666667,111.33333333333333,122.66666666666667,111.33333333333333
123.0,111.33333333333333,123.0,111.33333333333333
123.33333333333333,111.33333333333333,123.33333333333333,111.33333333333333
123.66666666666667,111.33333333333333,123.66666666666667,111.33333333333333
124.0,111.33333333333333,124.0,111.33333333333333
124.33333333333333,111.33333333333333,124.33333333333333,111.33333333333333
124.66666666666667,111.33333333333333,124.66666666666667,111.33333333333333
125.0,111.33333333333333,125.0,111.33333333333333
125.33333333333333,111.33333333333333,125.33333333333333,111.33333333333333
125.66666666666667,111.33333333333333,125.66666666666667,111.33333333333333
126.0,111.33333333333333,126.0,111.33333333333333
126.33333333333333,111.33333333333333,126.33333333333333,111.33333333333333
126.66666666666667,111.33333333333333,126.66666666666667,111.33333333333333
127.0,111.33333333333333,127.0,111.33333333333333
127.33333333333333,111.33333333333333,127.33333333333333,111.33333333333333
127.66666666666667,111.33333333333333,127.66666666666667,111.33333333333333
128.0,111.33333333333333,128.0,111.33333333333333
128.33333333333334,111.33333333333333,128.33333333333334,111.33333333333333
128.66666666666666,111.33333333333333,128.66666666666666,111.33333333333333
129.0,111.33333333333333,129.0,111.33333333333333
129.33333333333334,111.33333333333333,129.33333333333334,111.33333333333333
129.66666666666666,111.33333333333333,129.66666666666666,111.33333333333333
130.0,111.33333333333333,130.0,111.33333333333333
130.33333333333334,111.33333333333333,130.33333333333334,111.33333333333333
130.66666666666666,111.33333333333333,130.66666666666666,111.33333333333333
122.33333333333333,111.66666666666667,122.33333333333333,111.66666666666667
122.66666666666667,111.66666666666667,122.66666666666667,111.66666666666667
123.0,111.66666666666667,123.0,111.66666666666667
123.33333333333333,111.66666666666667,123.33333333333333,111.66666666666667
123.66666666666667,111.66666666666667,123.66666666666667,111.66666666666667
124.0,111.66666666666667,124.0,111.66666666666667
124.33333333333333,111.66666666666667,124.33333333333333,111.66666666666667
124.66666666666667,111.66666666666667,124.66666666666667,111.66666666666667
125.0,111.66666666666667,125.0,111.66666666666667
125.33333333333333,111.66666666666667,125.33333333333333,111.66666666666667
125.66666666666667,111.66666666666667,125.66666666666667,111.66666666666667
126.0,111.66666666666667,126.0,111.66666666666667
126.33333333333333,111.66666666666667,126.33333333333333,111.66666666666667
126.66666666666667,111.66666666666667,126.66666666666667,111.66666666666667
127.0,111.66666666666667,127.0,111.66666666666667
127.33333333333333,111.66666666666667,127.33333333333333,111.66666666666667
127.66666666666667,111.66666666666667,127.66666666666667,111.66666666666667
128.0,111.66666666666667,128.0,111.66666666666667
128.33333333333334,111.66666666666667,128.33333333333334,111.66666666666667
128.66666666666666,111.66666666666667,128.66666666666666,111.66666666666667
129.0,111.66666666666667,129.0,111.66666666666667
129.33333333333334,111.66666666666667,129.33333333333334,111.66666666666667
129.66666666666666,111.66666666666667,129.66666666666666,111.66666666666667
130.0,111.66666666666667,130.0,111.66666666666667
130.33333333333334,111.66666666666667,130.33333333333334,111.66666666666667
130.66666666666666,111.66666666666667,130.66666666666666,111.66666666666667
131.0,111.66666666666667,131.0,111.66666666666667
131.33333333333334,111.66666666666667,131.33333333333334,111.66666666666667
121.66666666666667,112.0,121.66666666666667,112.0
122.0,112.0,122.0,112.0
122.33333333333333,112.0,122.33333333333333,112.0
122.66666666666667,112.0,122.66666666666667,112.0
123.0,112.0,123.0,112.0
123.33333333333333,112.0,123.33333333333333,112.0
123.66666666666667,112.0,123.66666666666667,112.0
124.0,112.0,124.0,112.0
124.33333333333333,112.0,124.33333333333333,112.0
124.66666666666667,112.0,124.66666666666667,112.0
125.0,112.0,125.0,112.0
125.33333333333333,112.0,125.33333333333333,112.0
125.66666666666667,112.0,125.66666666666667,112.0
126.0,112.0,126.0,112.0
126.33333333333333,112.0,126.33333333333333,112.0
126.66666666666667,112.0,126.66666666666667,112.0
127.0,112.0,127.0,112.0
127.33333333333333,112.0,127.33333333333333,112.0
127.66666666666667,112.0,127.66666666666667,112.0
128.0,112.0,128.0,112.0
128.33333333333334,112.0,128.33333333333334,112.0
128.66666666666666,112.0,128.66666666666666,112.0
129.0,112.0,129.0,112.0
129.33333333333334,112.0,129.33333333333334,112.0
129.66666666666666,112.0,129.66666666666666,112.0
130.0,112.0,130.0,112.0
130.33333333333334,112.0,130.33333333333334,112.0
130.66666666666666,112.0,130.66666666666666,112.0
131.0,112.0,131.0,112.0
131.33333333333334,112.0,131.33333333333334,112.0
131.66666666666666,112.0,131.66666666666666,112.0
121.0,112.33333333333333,121.0,112.33333333333333
121.33333333333333,112.33333333333333,121.33333333333333,112.33333333333333
121.66666666666667,112.33333333333333,121.66666666666667,112.33333333333333
122.0,112.33333333333333,122.0,112.33333333333333
122.33333333333333,112.33333333333333,122.33333333333333,112.33333333333333
122.66666666666667,112.33333333333333,122.66666666666667,112.33333333333333
123.0,112.33333333333333,123.0,112.33333333333333
123.33333333333333,112.33333333333333,123.33333333333333,112.33333333333333
123.66666666666667,112.33333333333333,123.66666666666667,112.33333333333333
124.0,112.33333333333333,124.0,112.33333333333333
124.33333333333333,112.33333333333333,124.33333333333333,112.33333333333333
124.66666666666667,112.33333333333333,124.66666666666667,112.33333333333333
125.0,112.33333333333333,125.0,112.33333333333333
125.33333333333333,112.33333333333333,125.33333333333333,112.33333333333333
125.66666666666667,112.33333333333333,125.66666666666667,112.33333333333333
126.0,112.33333333333333,126.0,112.33333333333333
126.33333333333333,112.33333333333333,126.33333333333333,112.33333333333333
126.66666666666667,112.33333333333333,126.66666666666667,112.33333333333333
127.0,112.33333333333333,127.0,112.33333333333333
127.33333333333333,112.33333333333333,127.33333333333333,112.33333333333333
127.66666666666667,112.33333333333333,127.66666666666667,112.33333333333333
128.0,112.33333333333333,128.0,112.33333333333333
128.33333333333334,112.33333333333333,128.33333333333334,112.33333333333333
128.66666666666666,112.33333333333333,128.66666666666666,112.33333333333333
129.0,112.33333333333333,129.0,112.33333333333333
129.33333333333334,112.33333333333333,129.33333333333334,112.33333333333333
129.66666666666666,112.33333333333333,129.66666666666666,112.33333333333333
130.0,112.33333333333333,130.0,112.33333333333333
130.33333333333334,112.33333333333333,130.33333333333334,112.33333333333333
130.66666666666666,112.33333333333333,130.66666666666666,112.33333333333333
131.0,112.33333333333333,131.0,112.33333333333333
131.33333333333334,112.33333333333333,131.33333333333334,112.33333333333333
131.66666666666666,112.33333333333333,131.66666666666666,112.33333333333333
120.33333333333333,112.66666666666667,120.33333333333333,112.66666666666667
120.66666666666667,112.66666666666667,120.66666666666667,112.66666666666667
121.0,112.66666666666667,121.0,112.66666666666667
121.33333333333333,112.66666666666667,121.33333333333333,112.66666666666667
121.66666666666667,112.66666666666667,121.66666666666667,112.66666666666667
122.0,112.66666666666667,122.0,112.66666666666667
122.33333333333333,112.66666666666667,122.33333333333333,112.66666666666667
122.66666666666667,112.66666666666667,122.66666666666667,112.66666666666667
123.0,112.66666666666667,123.0,112.66666666666667
123.33333333333333,112.66666666666667,123.33333333333333,112.66666666666667
123.66666666666667,112.66666666666667,123.66666666666667,112.66666666666667
124.0,112.66666666666667,124.0,112.66666666666667
124.33333333333333,112.66666666666667,124.33333333333333,112.66666666666667
124.66666666666667,112.66666666666667,124.66666666666667,112.66666666666667
125.0,112.66666666666667,125.0,112.66666666666667
125.33333333333333,112.66666666666667,125.33333333333333,112.66666666666667
125.66666666666667,112.66666666666667,125.66666666666667,112.66666666666667
126.0,112.66666666666667,126.0,112.66666666666667
126.33333333333333,112.66666666666667,126.33333333333333,112.66666666666667
126.66666666666667,112.66666666666667,126.66666666666667,112.66666666666667
127.0,112.66666666666667,127.0,112.66666666666667
127.33333333333333,112.66666666666667,127.33333333333333,112.66666666666667
127.66666666666667,112.66666666666667,127.66666666666667,112.66666666666667
128.0,112.66666666666667,128.0,112.66666666666667
128.33333333333334,112.66666666666667,128.33333333333334,112.66666666666667
128.66666666666666,112.66666666666667,128.66666666666666,112.66666666666667
129.0,112.66666666666667,129.0,112.66666666666667
129.33333333333334,112.66666666666667,129.33333333333334,112.66666666666667
129.66666666666666,112.66666666666667,129.66666666666666,112.66666666666667
130.0,112.66666666666667,130.0,112.66666666666667
130.33333333333334,112.66666666666667,130.33333333333334,112.66666666666667
130.66666666666666,112.66666666666667,130.66666666666666,112.66666666666667
131.0,112.66666666666667,131.0,112.66666666666667
131.33333333333334,112.66666666666667,131.33333333333334,112.66666666666667
131.66666666666666,112.66666666666667,131.66666666666666,112.66666666666667
132.0,112.66666666666667,132.0,112.66666666666667
120.33333333333333,113.0,120.33333333333333,113.0
120.66666666666667,113.0,120.66666666666667,113.0
121.0,113.0,121.0,113.0
121.33333333333333,113.0,121.33333333333333,113.0
121.66666666666667,113.0,121.66666666666667,113.0
122.0,113.0,122.0,113.0
122.33333333333333,113.0,122.33333333333333,113.0
122.66666666666667,113.0,122.66666666666667,113.0
123.0,113.0,123.0,113.0
123.33333333333333,113.0,123.33333333333333,113.0
123.66666666666667,113.0,123.66666666666667,113.0
124.0,113.0,124.0,113.0
124.33333333333333,113.0,124.33333333333333,113.0
124.66666666666667,113.0,124.66666666666667,113.0
125.0,113.0,125.0,113.0
125.33333333333333,113.0,125.33333333333333,113.0
125.66666666666667,113.0,125.66666666666667,113.0
126.0,113.0,126.0,113.0
126.33333333333333,113.0,126.33333333333333,113.0
126.66666666666667,113.0,126.66666666666667,113.0
127.0,113.0,127.0,113.0
127.33333333333333,113.0,127.33333333333333,113.0
127.66666666666667,113.0,127.66666666666667,113.0
128.0,113.0,128.0,113.0
128.33333333333334,113.0,128.33333333333334,113.0
128.66666666666666,113.0,128.66666666666666,113.0
129.0,113.0,129.0,113.0
129.33333333333334,113.0,129.33333333333334,113.0
129.66666666666666,113.0,129.66666666666666,113.0
130.0,113.0,130.0,113.0
130.33333333333334,113.0,130.33333333333334,113.0
130.66666666666666,113.0,130.66666666666666,113.0
131.0,113.0,131.0,113.0
131.33333333333334,113.0,131.33333333333334,113.0
131.66666666666666,113.0,131.66666666666666,113.0
132.0,113.0,132.0,113.0
119.66666666666667,113.33333333333333,119.66666666666667,113.33333333333333
120.0,113.33333333333333,120.0,113.33333333333333
120.33333333333333,113.33333333333333,120.33333333333333,113.33333333333333
120.66666666666667,113.33333333333333,120.66666666666667,113.33333333333333
121.0,113.33333333333333,121.0,113.33333333333333
121.33333333333333,113.33333333333333,121.33333333333333,113.33333333333333
121.66666666666667,113.33333333333333,121.66666666666667,113.33333333333333
122.0,113.33333333333333,122.0,113.33333333333333
122.33333333333333,113.33333333333333,122.33333333333333,113.33333333333333
122.66666666666667,113.33333333333333,122.66666666666667,113.33333333333333
123.0,113.33333333333333,123.0,113.33333333333333
123.33333333333333,113.33333333333333,123.33333333333333,113.33333333333333
123.66666666666667,113.33333333333333,123.66666666666667,113.33333333333333
124.0,113.33333333333333,124.0,113.33333333333333
124.33333333333333,113.33333333333333,124.33333333333333,113.33333333333333
124.66666666666667,113.33333333333333,124.66666666666667,113.33333333333333
125.0,113.33333333333333,125.0,113.33333333333333
125.33333333333333,113.33333333333333,125.33333333333333,113.33333333333333
125.66666666666667,113.33333333333333,125.66666666666667,113.33333333333333
126.0,113.33333333333333,126.0,113.33333333333333
126.33333333333333,113.33333333333333,126.33333333333333,113.33333333333333
126.66666666666667,113.33333333333333,126.66666666666667,113.33333333333333
127.0,113.33333333333333,127.0,113.33333333333333
127.33333333333333,113.33333333333333,127.33333333333333,113.33333333333333
127.66666666666667,113.33333333333333,127.66666666666667,113.33333333333333
128.0,113.33333333333333,128.0,113.33333333333333
128.33333333333334,113.33333333333333,128.33333333333334,113.33333333333333
128.66666666666666,113.33333333333333,128.66666666666666,113.33333333333333
129.0,113.33333333333333,129.0,113.33333333333333
129.33333333333334,113.33333333333333,129.33333333333334,113.33333333333333
129.66666666666666,113.33333333333333,129.66666666666666,113.33333333333333
130.0,113.33333333333333,130.0,113.33333333333333
130.33333333333334,113.33333333333333,130.33333333333334,113.33333333333333
130.66666666666666,113.33333333333333,130.66666666666666,113.33333333333333
131.0,113.33333333333333,131.0,113.33333333333333
131.33333333333334,113.33333333333333,131.33333333333334,113.33333333333333
131.66666666666666,113.33333333333333,131.66666666666666,113.33333333333333
132.0,113.33333333333333,132.0,113.33333333333333
132.33333333333334,113.33333333333333,132.33333333333334,113.33333333333333
119.33333333333333,113.66666666666667,119.33333333333333,113.66666666666667
119.66666666666667,113.66666666666667,119.66666666666667,113.66666666666667
120.0,113.66666666666667,120.0,113.66666666666667
120.33333333333333,113.66666666666667,120.33333333333333,113.66666666666667
120.66666666666667,113.66666666666667,120.66666666666667,113.66666666666667
121.0,113.66666666666667,121.0,113.66666666666667
121.33333333333333,113.66666666666667,121.33333333333333,113.66666666666667
121.66666666666667,113.66666666666667,121.66666666666667,113.66666666666667
122.0,113.66666666666667,122.0,113.66666666666667
122.33333333333333,113.66666666666667,122.33333333333333,113.66666666666667
122.66666666666667,113.66666666666667,122.66666666666667,113.66666666666667
123.0,113.66666666666667,123.0,113.66666666666667
123.33333333333333,113.66666666666667,123.33333333333333,113.66666666666667
123.66666666666667,113.66666666666667,123.66666666666667,113.66666666666667
124.0,113.66666666666667,124.0,113.66666666666667
124.33333333333333,113.66666666666667,124.33333333333333,113.66666666666667
124.66666666666667,113.66666666666667,124.66666666666667,113.66666666666667
125.0,113.66666666666667,125.0,113.66666666666667
125.33333333333333,113.66666666666667,125.33333333333333,113.66666666666667
125.66666666666667,113.66666666666667,125.66666666666667,113.66666666666667
126.0,113.66666666666667,126.0,113.66666666666667
126.33333333333333,113.66666666666667,126.33333333333333,113.66666666666667
126.66666666666667,113.66666666666667,126.66666666666667,113.66666666666667
127.0,113.66666666666667,127.0,113.66666666666667
127.33333333333333,113.66666666666667,127.33333333333333,113.66666666666667
127.66666666666667,113.66666666666667,127.66666666666667,113.66666666666667
128.0,113.66666666666667,128.0,113.66666666666667
128.33333333333334,113.66666666666667,128.33333333333334,113.66666666666667
128.66666666666666,113.66666666666667,128.66666666666666,113.66666666666667
129.0,113.66666666666667,129.0,113.66666666666667
129.33333333333334,113.66666666666667,129.33333333333334,113.66666666666667
129.66666666666666,113.66666666666667,129.66666666666666,113.66666666666667
130.0,113.66666666666667,130.0,113.66666666666667
130.33333333333334,113.66666666666667,130.33333333333334,113.66666666666667
130.66666666666666,113.66666666666667,130.66666666666666,113.66666666666667
131.0,113.66666666666667,131.0,113.66666666666667
131.33333333333334,113.66666666666667,131.33333333333334,113.66666666666667
131.66666666666666,113.66666666666667,131.66666666666666,113.66666666666667
132.0,113.66666666666667,132.0,113.66666666666667
132.33333333333334,113.66666666666667,132.33333333333334,113.66666666666667
132.66666666666666,113.66666666666667,132.66666666666666,113.66666666666667
118.33333333333333,114.0,118.33333333333333,114.0
118.66666666666667,114.0,118.66666666666667,114.0
119.0,114.0,119.0,114.0
119.33333333333333,114.0,119.33333333333333,114.0
119.66666666666667,114.0,119.66666666666667,114.0
120.0,114.0,120.0,114.0
120.33333333333333,114.0,120.33333333333333,114.0
120.66666666666667,114.0,120.66666666666667,114.0
121.0,114.0,121.0,114.0
121.33333333333333,114.0,121.33333333333333,114.0
121.66666666666667,114.0,121.66666666666667,114.0
122.0,114.0,122.0,114.0
122.33333333333333,114.0,122.33333333333333,114.0
122.66666666666667,114.0,122.66666666666667,114.0
123.0,114.0,123.0,114.0
123.33333333333333,114.0,123.33333333333333,114.0
123.66666666666667,114.0,123.66666666666667,114.0
124.0,114.0,124.0,114.0
124.33333333333333,114.0,124.33333333333333,114.0
124.66666666666667,114.0,124.66666666666667,114.0
125.0,114.0,125.0,114.0
125.33333333333333,114.0,125.33333333333333,114.0
125.66666666666667,114.0,125.66666666666667,114.0
126.0,114.0,126.0,114.0
126.33333333333333,114.0,126.33333333333333,114.0
126.66666666666667,114.0,126.66666666666667,114.0
127.0,114.0,127.0,114.0
127.33333333333333,114.0,127.33333333333333,114.0
127.66666666666667,114.0,127.66666666666667,114.0
128.0,114.0,128.0,114.0
128.33333333333334,114.0,128.33333333333334,114.0
128.66666666666666,114.0,128.66666666666666,114.0
129.0,114.0,129.0,114.0
129.33333333333334,114.0,129.33333333333334,114.0
129.66666666666666,114.0,129.66666666666666,114.0
130.0,114.0,130.0,114.0
130.33333333333334,114.0,130.33333333333334,114.0
130.66666666666666,114.0,130.66666666666666,114.0
131.0,114.0,131.0,114.0
131.33333333333334,114.0,131.33333333333334,114.0
131.66666666666666,114.0,131.66666666666666,114.0
132.0,114.0,132.0,114.0
132.33333333333334,114.0,132.33333333333334,114.0
132.66666666666666,114.0,132.66666666666666,114.0
117.66666666666667,114.33333333333333,117.66666666666667,114.33333333333333
118.0,114.33333333333333,118.0,114.33333333333333
118.33333333333333,114.33333333333333,118.33333333333333,114.33333333333333
118.66666666666667,114.33333333333333,118.66666666666667,114.33333333333333
119.0,114.33333333333333,119.0,114.33333333333333
119.33333333333333,114.33333333333333,119.33333333333333,114.33333333333333
119.66666666666667,114.33333333333333,119.66666666666667,114.33333333333333
120.0,114.33333333333333,120.0,114.33333333333333
120.33333333333333,114.33333333333333,120.33333333333333,114.33333333333333
120.66666666666667,114.33333333333333,120.66666666666667,114.33333333333333
121.0,114.33333333333333,121.0,114.33333333333333
121.33333333333333,114.33333333333333,121.33333333333333,114.33333333333333
121.66666666666667,114.33333333333333,121.66666666666667,114.33333333333333
122.0,114.33333333333333,122.0,114.33333333333333
122.33333333333333,114.33333333333333,122.33333333333333,114.33333333333333
122.66666666666667,114.33333333333333,122.66666666666667,114.33333333333333
123.0,114.33333333333333,123.0,114.33333333333333
123.33333333333333,114.33333333333333,123.33333333333333,114.33333333333333
123.66666666666667,114.33333333333333,123.66666666666667,114.33333333333333
124.0,114.33333333333333,124.0,114.33333333333333
124.33333333333333,114.33333333333333,124.33333333333333,114.33333333333333
124.66666666666667,114.33333333333333,124.66666666666667,114.33333333333333
125.0,114.33333333333333,125.0,114.33333333333333
125.33333333333333,114.33333333333333,125.33333333333333,114.33333333333333
125.66666666666667,114.33333333333333,125.66666666666667,114.33333333333333
126.0,114.33333333333333,126.0,114.33333333333333
126.33333333333333,114.33333333333333,126.33333333333333,114.33333333333333
126.66666666666667,114.33333333333333,126.66666666666667,114.33333333333333
127.0,114.33333333333333,127.0,114.33333333333333
127.33333333333333,114.33333333333333,127.33333333333333,114.33333333333333
127.66666666666667,114.33333333333333,127.66666666666667,114.33333333333333
128.0,114.33333333333333,128.0,114.33333333333333
128.33333333333334,114.33333333333333,128.33333333333334,114.33333333333333
128.66666666666666,114.33333333333333,128.66666666666666,114.33333333333333
129.0,114.33333333333333,129.0,114.33333333333333
129.33333333333334,114.33333333333333,129.33333333333334,114.33333333333333
129.66666666666666,114.33333333333333,129.66666666666666,114.33333333333333
130.0,114.33333333333333,130.0,114.33333333333333
130.33333333333334,114.33333333333333,130.33333333333334,114.33333333333333
130.66666666666666,114.33333333333333,130.66666666666666,114.33333333333333
131.0,114.33333333333333,131.0,114.33333333333333
131.33333333333334,114.33333333333333,131.33333333333334,114.33333333333333
131.66666666666666,114.33333333333333,131.66666666666666,114.33333333333333
132.0,114.33333333333333,132.0,114.33333333333333
132.33333333333334,114.33333333333333,132.33333333333334,114.33333333333333
132.66666666666666,114.33333333333333,132.66666666666666,114.33333333333333
133.0,114.33333333333333,133.0,114.33333333333333
117.33333333333333,114.66666666666667,117.33333333333333,114.66666666666667
117.66666666666667,114.66666666666667,117.66666666666667,114.66666666666667
118.0,114.66666666666667,118.0,114.66666666666667
118.33333333333333,114.66666666666667,118.33333333333333,114.66666666666667
118.66666666666667,114.66666666666667,118.66666666666667,114.66666666666667
119.0,114.66666666666667,119.0,114.66666666666667
119.33333333333333,114.66666666666667,119.33333333333333,114.66666666666667
119.66666666666667,114.66666666666667,119.66666666666667,114.66666666666667
120.0,114.66666666666667,120.0,114.66666666666667
120.33333333333333,114.66666666666667,120.33333333333333,114.66666666666667
120.66666666666667,114.66666666666667,120.66666666666667,114.66666666666667
121.0,114.66666666666667,121.0,114.66666666666667
121.33333333333333,114.66666666666667,121.33333333333333,114.66666666666667
121.66666666666667,114.66666666666667,121.66666666666667,114.66666666666667
122.0,114.66666666666667,122.0,114.66666666666667
122.33333333333333,114.66666666666667,122.33333333333333,114.66666666666667
122.66666666666667,114.66666666666667,122.66666666666667,114.66666666666667
123.0,114.66666666666667,123.0,114.66666666666667
123.33333333333333,114.66666666666667,123.33333333333333,114.66666666666667
123.66666666666667,114.66666666666667,123.66666666666667,114.66666666666667
124.0,114.66666666666667,124.0,114.66666666666667
124.33333333333333,114.66666666666667,124.33333333333333,114.66666666666667
124.66666666666667,114.66666666666667,124.66666666666667,114.66666666666667
125.0,114.66666666666667,125.0,114.66666666666667
125.33333333333333,114.66666666666667,125.33333333333333,114.66666666666667
125.66666666666667,114.66666666666667,125.66666666666667,114.66666666666667
126.0,114.66666666666667,126.0,114.66666666666667
126.33333333333333,114.66666666666667,126.33333333333333,114.66666666666667
126.66666666666667,114.66666666666667,126.66666666666667,114.66666666666667
127.0,114.66666666666667,127.0,114.66666666666667
127.33333333333333,114.66666666666667,127.33333333333333,114.66666666666667
127.66666666666667,114.66666666666667,127.66666666666667,114.66666666666667
128.0,114.66666666666667,128.0,114.66666666666667
128.33333333333334,114.66666666666667,128.33333333333334,114.66666666666667
128.66666666666666,114.66666666666667,128.66666666666666,114.66666666666667
129.0,114.66666666666667,129.0,114.66666666666667
129.33333333333334,114.66666666666667,129.33333333333334,114.66666666666667
129.66666666666666,114.66666666666667,129.66666666666666,114.66666666666667
130.0,114.66666666666667,130.0,114.66666666666667
130.33333333333334,114.66666666666667,130.33333333333334,114.66666666666667
130.66666666666666,114.66666666666667,130.66666666666666,114.66666666666667
131.0,114.66666666666667,131.0,114.66666666666667
131.33333333333334,114.66666666666667,131.33333333333334,114.66666666666667
131.66666666666666,114.66666666666667,131.66666666666666,114.66666666666667
132.0,114.66666666666667,132.0,114.66666666666667
132.33333333333334,114.66666666666667,132.33333333333334,114.66666666666667
132.66666666666666,114.66666666666667,132.66666666666666,114.66666666666667
133.0,114.66666666666667,133.0,114.66666666666667
133.33333333333334,114.66666666666667,133.33333333333334,114.66666666666667
114.66666666666667,115.0,114.66666666666667,115.0
115.0,115.0,115.0,115.0
115.33333333333333,115.0,115.33333333333333,115.0
115.66666666666667,115.0,115.66666666666667,115.0
116.0,115.0,116.0,115.0
116.33333333333333,115.0,116.33333333333333,115.0
116.66666666666667,115.0,116.66666666666667,115.0
117.0,115.0,117.0,115.0
117.33333333333333,115.0,117.33333333333333,115.0
117.66666666666667,115.0,117.66666666666667,115.0
118.0,115.0,118.0,115.0
118.33333333333333,115.0,118.33333333333333,115.0
118.66666666666667,115.0,118.66666666666667,115.0
119.0,115.0,119.0,115.0
119.33333333333333,115.0,119.33333333333333,115.0
119.66666666666667,115.0,119.66666666666667,115.0
120.0,115.0,120.0,115.0
120.33333333333333,115.0,120.33333333333333,115.0
120.66666666666667,115.0,120.66666666666667,115.0
121.0,115.0,121.0,115.0
121.33333333333333,115.0,121.33333333333333,115.0
121.66666666666667,115.0,121.66666666666667,115.0
122.0,115.0,122.0,115.0
122.33333333333333,115.0,122.33333333333333,115.0
122.66666666666667,115.0,122.66666666666667,115.0
123.0,115.0,123.0,115.0
123.33333333333333,115.0,123.33333333333333,115.0
123.66666666666667,115.0,123.66666666666667,115.0
124.0,115.0,124.0,115.0
124.33333333333333,115.0,124.33333333333333,115.0
124.66666666666667,115.0,124.66666666666667,115.0
125.0,115.0,125.0,115.0
125.33333333333333,115.0,125.33333333333333,115.0
125.66666666666667,115.0,125.66666666666667,115.0
126.0,115.0,126.0,115.0
126.33333333333333,115.0,126.33333333333333,115.0
126.66666666666667,115.0,126.66666666666667,115.0
127.0,115.0,127.0,115.0
127.33333333333333,115.0,127.33333333333333,115.0
127.66666666666667,115.0,127.66666666666667,115.0
128.0,115.0,128.0,115.0
128.33333333333334,115.0,128.33333333333334,115.0
128.66666666666666,115.0,128.66666666666666,115.0
129.0,115.0,129.0,115.0
129.33333333333334,115.0,129.33333333333334,115.0
129.66666666666666,115.0,129.66666666666666,115.0
130.0,115.0,130.0,115.0
130.33333333333334,115.0,130.33333333333334,115.0
130.66666666666666,115.0,130.66666666666666,115.0
131.0,115.0,131.0,115.0
131.33333333333334,115.0,131.33333333333334,115.0
131.66666666666666,115.0,131.66666666666666,115.0
132.0,115.0,132.0,115.0
132.33333333333334,115.0,132.33333333333334,115.0
132.66666666666666,115.0,132.66666666666666,115.0
133.0,115.0,133.0,115.0
133.33333333333334,115.0,133.33333333333334,115.0
133.66666666666666,115.0,133.66666666666666,115.0
114.33333333333333,115.33333333333333,114.33333333333333,115.33333333333333
114.66666666666667,115.33333333333333,114.66666666666667,115.33333333333333
115.0,115.33333333333333,115.0,115.33333333333333
115.33333333333333,115.33333333333333,115.33333333333333,115.33333333333333
115.66666666666667,115.33333333333333,115.66666666666667,115.33333333333333
116.0,115.33333333333333,116.0,115.33333333333333
116.33333333333333,115.33333333333333,116.33333333333333,115.33333333333333
116.66666666666667,115.33333333333333,116.66666666666667,115.33333333333333
117.0,115.33333333333333,117.0,115.33333333333333
117.33333333333333,115.33333333333333,117.33333333333333,115.33333333333333
117.66666666666667,115.33333333333333,117.66666666666667,115.33333333333333
118.0,115.33333333333333,118.0,115.33333333333333
118.33333333333333,115.33333333333333,118.33333333333333,115.33333333333333
118.66666666666667,115.33333333333333,118.66666666666667,115.33333333333333
119.0,115.33333333333333,119.0,115.33333333333333
119.33333333333333,115.33333333333333,119.33333333333333,115.33333333333333
119.66666666666667,115.33333333333333,119.66666666666667,115.33333333333333
120.0,115.33333333333333,120.0,115.33333333333333
120.33333333333333,115.33333333333333,120.33333333333333,115.33333333333333
120.66666666666667,115.33333333333333,120.66666666666667,115.33333333333333
121.0,115.33333333333333,121.0,115.33333333333333
121.33333333333333,115.33333333333333,121.33333333333333,115.33333333333333
121.66666666666667,115.33333333333333,121.66666666666667,115.33333333333333
122.0,115.33333333333333,122.0,115.33333333333333
122.33333333333333,115.33333333333333,122.33333333333333,115.33333333333333
122.66666666666667,115.33333333333333,122.66666666666667,115.33333333333333
123.0,115.33333333333333,123.0,115.33333333333333
123.33333333333333,115.33333333333333,123.33333333333333,115.33333333333333
123.66666666666667,115.33333333333333,123.66666666666667,115.33333333333333
124.0,115.33333333333333,124.0,115.33333333333333
124.33333333333333,115.33333333333333,124.33333333333333,115.33333333333333
124.66666666666667,115.33333333333333,124.66666666666667,115.33333333333333
125.0,115.33333333333333,125.0,115.33333333333333
125.33333333333333,115.33333333333333,125.33333333333333,115.33333333333333
125.66666666666667,115.33333333333333,125.66666666666667,115.33333333333333
126.0,115.33333333333333,126.0,115.33333333333333
126.33333333333333,115.33333333333333,126.33333333333333,115.33333333333333
126.66666666666667,115.33333333333333,126.66666666666667,115.33333333333333
127.0,115.33333333333333,127.0,115.33333333333333
127.33333333333333,115.33333333333333,127.33333333333333,115.33333333333333
127.66666666666667,115.33333333333333,127.66666666666667,115.33333333333333
128.0,115.33333333333333,128.0,115.33333333333333
128.33333333333334,115.33333333333333,128.33333333333334,115.33333333333333
128.66666666666666,115.33333333333333,128.66666666666666,115.33333333333333
129.0,115.33333333333333,129.0,115.33333333333333
129.33333333333334,115.33333333333333,129.33333333333334,115.33333333333333
129.66666666666666,115.33333333333333,129.66666666666666,115.33333333333333
130.0,115.33333333333333,130.0,115.33333333333333
130.33333333333334,115.33333333333333,130.33333333333334,115.33333333333333
130.66666666666666,115.33333333333333,130.66666666666666,115.33333333333333
131.0,115.33333333333333,131.0,115.33333333333333
131.33333333333334,115.33333333333333,131.33333333333334,115.33333333333333
131.66666666666666,115.33333333333333,131.66666666666666,115.33333333333333
132.0,115.33333333333333,132.0,115.33333333333333
132.33333333333334,115.33333333333333,132.33333333333334,115.33333333333333
132.66666666666666,115.33333333333333,132.66666666666666,115.33333333333333
133.0,115.33333333333333,133.0,115.33333333333333
133.33333333333334,115.33333333333333,133.33333333333334,115.33333333333333
133.66666666666666,115.33333333333333,133.66666666666666,115.33333333333333
134.0,115.33333333333333,134.0,115.33333333333333
113.66666666666667,115.66666666666667,113.66666666666667,115.66666666666667
114.0,115.66666666666667,114.0,115.66666666666667
114.33333333333333,115.66666666666667,114.33333333333333,115.66666666666667
114.66666666666667,115.66666666666667,114.66666666666667,115.66666666666667
115.0,115.66666666666667,115.0,115.66666666666667
115.33333333333333,115.66666666666667,115.33333333333333,115.66666666666667
115.66666666666667,115.66666666666667,115.66666666666667,115.66666666666667
116.0,115.66666666666667,116.0,115.66666666666667
116.33333333333333,115.66666666666667,116.33333333333333,115.66666666666667
116.66666666666667,115.66666666666667,116.66666666666667,115.66666666666667
117.0,115.66666666666667,117.0,115.66666666666667
117.33333333333333,115.66666666666667,117.33333333333333,115.66666666666667
117.66666666666667,115.66666666666667,117.66666666666667,115.66666666666667
118.0,115.66666666666667,118.0,115.66666666666667
118.33333333333333,115.66666666666667,118.33333333333333,115.66666666666667
118.66666666666667,115.66666666666667,118.66666666666667,115.66666666666667
119.0,115.66666666666667,119.0,115.66666666666667
119.33333333333333,115.66666666666667,119.33333333333333,115.66666666666667
119.66666666666667,115.66666666666667,119.66666666666667,115.66666666666667
120.0,115.66666666666667,120.0,115.66666666666667
120.33333333333333,115.66666666666667,120.33333333333333,115.66666666666667
120.66666666666667,115.66666666666667,120.66666666666667,115.66666666666667
121.0,115.66666666666667,121.0,115.66666666666667
121.33333333333333,115.66666666666667,121.33333333333333,115.66666666666667
121.66666666666667,115.66666666666667,121.66666666666667,115.66666666666667
122.0,115.66666666666667,122.0,115.66666666666667
122.33333333333333,115.66666666666667,122.33333333333333,115.66666666666667
122.66666666666667,115.66666666666667,122.66666666666667,115.66666666666667
123.0,115.66666666666667,123.0,115.66666666666667
123.33333333333333,115.66666666666667,123.33333333333333,115.66666666666667
123.66666666666667,115.66666666666667,123.66666666666667,115.66666666666667
124.0,115.66666666666667,124.0,115.66666666666667
124.33333333333333,115.66666666666667,124.33333333333333,115.66666666666667
124.66666666666667,115.66666666666667,124.66666666666667,115.66666666666667
125.0,115.66666666666667,125.0,115.66666666666667
125.33333333333333,115.66666666666667,125.33333333333333,115.66666666666667
125.66666666666667,115.66666666666667,125.66666666666667,115.66666666666667
126.0,115.66666666666667,126.0,115.66666666666667
126.33333333333333,115.66666666666667,126.33333333333333,115.66666666666667
126.66666666666667,115.66666666666667,126.66666666666667,115.66666666666667
127.0,115.66666666666667,127.0,115.66666666666667
127.33333333333333,115.66666666666667,127.33333333333333,115.66666666666667
127.66666666666667,115.66666666666667,127.66666666666667,115.66666666666667
128.0,115.66666666666667,128.0,115.66666666666667
128.33333333333334,115.66666666666667,128.33333333333334,115.66666666666667
128.66666666666666,115.66666666666667,128.66666666666666,115.66666666666667
129.0,115.66666666666667,129.0,115.66666666666667
129.33333333333334,115.66666666666667,129.33333333333334,115.66666666666667
129.66666666666666,115.66666666666667,129.66666666666666,115.66666666666667
130.0,115.66666666666667,130.0,115.66666666666667
130.33333333333334,115.66666666666667,130.33333333333334,115.66666666666667
130.66666666666666,115.66666666666667,130.66666666666666,115.66666666666667
131.0,115.66666666666667,131.0,115.66666666666667
131.33333333333334,115.66666666666667,131.33333333333334,115.66666666666667
131.66666666666666,115.66666666666667,131.66666666666666,115.66666666666667
132.0,115.66666666666667,132.0,115.66666666666667
132.33333333333334,115.66666666666667,132.33333333333334,115.66666666666667
132.66666666666666,115.66666666666667,132.66666666666666,115.66666666666667
133.0,115.66666666666667,133.0,115.66666666666667
133.33333333333334,115.66666666666667,133.33333333333334,115.66666666666667
133.66666666666666,115.66666666666667,133.66666666666666,115.66666666666667
134.0,115.66666666666667,134.0,115.66666666666667
113.66666666666667,116.0,113.66666666666667,116.0
114.0,116.0,114.0,116.0
114.33333333333333,116.0,114.33333333333333,116.0
114.66666666666667,116.0,114.66666666666667,116.0
115.0,116.0,115.0,116.0
115.33333333333333,116.0,115.33333333333333,116.0
115.66666666666667,116.0,115.66666666666667,116.0
116.0,116.0,116.0,116.0
116.33333333333333,116.0,116.33333333333333,116.0
116.66666666666667,116.0,116.66666666666667,116.0
117.0,116.0,117.0,116.0
117.33333333333333,116.0,117.33333333333333,116.0
117.66666666666667,116.0,117.66666666666667,116.0
118.0,116.0,118.0,116.0
118.33333333333333,116.0,118.33333333333333,116.0
118.66666666666667,116.0,118.66666666666667,116.0
119.0,116.0,119.0,116.0
119.33333333333333,116.0,119.33333333333333,116.0
119.66666666666667,116.0,119.66666666666667,116.0
120.0,116.0,120.0,116.0
120.33333333333333,116.0,120.33333333333333,116.0
120.66666666666667,116.0,120.66666666666667,116.0
121.0,116.0,121.0,116.0
121.33333333333333,116.0,121.33333333333333,116.0
121.66666666666667,116.0,121.66666666666667,116.0
122.0,116.0,122.0,116.0
122.33333333333333,116.0,122.33333333333333,116.0
122.66666666666667,116.0,122.66666666666667,116.0
123.0,116.0,123.0,116.0
123.33333333333333,116.0,123.33333333333333,116.0
123.66666666666667,116.0,123.66666666666667,116.0
124.0,116.0,124.0,116.0
124.33333333333333,116.0,124.33333333333333,116.0
124.66666666666667,116.0,124.66666666666667,116.0
125.0,116.0,125.0,116.0
125.33333333333333,116.0,125.33333333333333,116.0
125.66666666666667,116.0,125.66666666666667,116.0
126.0,116.0,126.0,116.0
126.33333333333333,116.0,126.33333333333333,116.0
126.66666666666667,116.0,126.66666666666667,116.0
127.0,116.0,127.0,116.0
127.33333333333333,116.0,127.33333333333333,116.0
127.66666666666667,116.0,127.66666666666667,116.0
128.0,116.0,128.0,116.0
128.33333333333334,116.0,128.33333333333334,116.0
128.66666666666666,116.0,128.66666666666666,116.0
129.0,116.0,129.0,116.0
129.33333333333334,116.0,129.33333333333334,116.0
129.66666666666666,116.0,129.66666666666666,116.0
130.0,116.0,130.0,116.0
130.33333333333334,116.0,130.33333333333334,116.0
130.66666666666666,116.0,130.66666666666666,116.0
131.0,116.0,131.0,116.0
131.33333333333334,116.0,131.33333333333334,116.0
131.66666666666666,116.0,131.66666666666666,116.0
132.0,116.0,132.0,116.0
132.33333333333334,116.0,132.33333333333334,116.0
132.66666666666666,116.0,132.66666666666666,116.0
133.0,116.0,133.0,116.0
133.33333333333334,116.0,133.33333333333334,116.0
133.66666666666666,116.0,133.66666666666666,116.0
134.0,116.0,134.0,116.0
134.33333333333334,116.0,134.33333333333334,116.0
113.0,116.33333333333333,113.0,116.33333333333333
113.33333333333333,116.33333333333333,113.33333333333333,116.33333333333333
113.66666666666667,116.33333333333333,113.66666666666667,116.33333333333333
114.0,116.33333333333333,114.0,116.33333333333333
114.33333333333333,116.33333333333333,114.33333333333333,116.33333333333333
114.66666666666667,116.33333333333333,114.66666666666667,116.33333333333333
115.0,116.33333333333333,115.0,116.33333333333333
115.33333333333333,116.33333333333333,115.33333333333333,116.33333333333333
115.66666666666667,116.33333333333333,115.66666666666667,116.33333333333333
116.0,116.33333333333333,116.0,116.33333333333333
116.33333333333333,116.33333333333333,116.33333333333333,116.33333333333333
116.66666666666667,116.33333333333333,116.66666666666667,116.33333333333333
117.0,116.33333333333333,117.0,116.33333333333333
117.33333333333333,116.33333333333333,117.33333333333333,116.33333333333333
117.66666666666667,116.33333333333333,117.66666666666667,116.33333333333333
118.0,116.33333333333333,118.0,116.33333333333333
118.33333333333333,116.33333333333333,118.33333333333333,116.33333333333333
118.66666666666667,116.33333333333333,118.66666666666667,116.33333333333333
119.0,116.33333333333333,119.0,116.33333333333333
119.33333333333333,116.33333333333333,119.33333333333333,116.33333333333333
119.66666666666667,116.33333333333333,119.66666666666667,116.33333333333333
120.0,116.33333333333333,120.0,116.33333333333333
120.33333333333333,116.33333333333333,120.33333333333333,116.33333333333333
120.66666666666667,116.33333333333333,120.66666666666667,116.33333333333333
121.0,116.33333333333333,121.0,116.33333333333333
121.33333333333333,116.33333333333333,121.33333333333333,116.33333333333333
121.66666666666667,116.33333333333333,121.66666666666667,116.33333333333333
122.0,116.33333333333333,122.0,116.33333333333333
122.33333333333333,116.33333333333333,122.33333333333333,116.33333333333333
122.66666666666667,116.33333333333333,122.66666666666667,116.33333333333333
123.0,116.33333333333333,123.0,116.33333333333333
123.33333333333333,116.33333333333333,123.33333333333333,116.33333333333333
123.66666666666667,116.33333333333333,123.66666666666667,116.33333333333333
124.0,116.33333333333333,124.0,116.33333333333333
124.33333333333333,116.33333333333333,124.33333333333333,116.33333333333333
124.66666666666667,116.33333333333333,124.66666666666667,116.33333333333333
125.0,116.33333333333333,125.0,116.33333333333333
125.33333333333333,116.33333333333333,125.33333333333333,116.33333333333333
125.66666666666667,116.33333333333333,125.66666666666667,116.33333333333333
126.0,116.33333333333333,126.0,116.33333333333333
126.33333333333333,116.33333333333333,126.33333333333333,116.33333333333333
126.66666666666667,116.33333333333333,126.66666666666667,116.33333333333333
127.0,116.33333333333333,127.0,116.33333333333333
127.33333333333333,116.33333333333333,127.33333333333333,116.33333333333333
127.66666666666667,116.33333333333333,127.66666666666667,116.33333333333333
128.0,116.33333333333333,128.0,116.33333333333333
128.33333333333334,116.33333333333333,128.33333333333334,116.33333333333333
128.66666666666666,116.33333333333333,128.66666666666666,116.33333333333333
129.0,116.33333333333333,129.0,116.33333333333333
129.33333333333334,116.33333333333333,129.33333333333334,116.33333333333333
129.66666666666666,116.33333333333333,129.66666666666666,116.33333333333333
130.0,116.33333333333333,130.0,116.33333333333333
130.33333333333334,116.33333333333333,130.33333333333334,116.33333333333333
130.66666666666666,116.33333333333333,130.66666666666666,116.33333333333333
131.0,116.33333333333333,131.0,116.33333333333333
131.33333333333334,116.33333333333333,131.33333333333334,116.33333333333333
131.66666666666666,116.33333333333333,131.66666666666666,116.33333333333333
132.0,116.33333333333333,132.0,116.33333333333333
132.33333333333334,116.33333333333333,132.33333333333334,116.33333333333333
132.66666666666666,116.33333333333333,132.66666666666666,116.33333333333333
133.0,116.33333333333333,133.0,116.33333333333333
133.33333333333334,116.33333333333333,133.33333333333334,116.33333333333333
133.66666666666666,116.33333333333333,133.66666666666666,116.33333333333333
134.0,116.33333333333333,134.0,116.33333333333333
134.33333333333334,116.33333333333333,134.33333333333334,116.33333333333333
134.66666666666666,116.33333333333333,134.66666666666666,116.33333333333333
112.66666666666667,116.66666666666667,112.66666666666667,116.66666666666667
113.0,116.66666666666667,113.0,116.66666666666667
113.33333333333333,116.66666666666667,113.33333333333333,116.66666666666667
113.66666666666667,116.66666666666667,113.66666666666667,116.66666666666667
114.0,116.66666666666667,114.0,116.66666666666667
114.33333333333333,116.66666666666667,114.33333333333333,116.66666666666667
114.66666666666667,116.66666666666667,114.66666666666667,116.66666666666667
115.0,116.66666666666667,115.0,116.66666666666667
115.33333333333333,116.66666666666667,115.33333333333333,116.66666666666667
115.66666666666667,116.66666666666667,115.66666666666667,116.66666666666667
116.0,116.66666666666667,116.0,116.66666666666667
116.33333333333333,116.66666666666667,116.33333333333333,116.66666666666667
116.66666666666667,116.66666666666667,116.66666666666667,116.66666666666667
117.0,116.66666666666667,117.0,116.66666666666667
117.33333333333333,116.66666666666667,117.33333333333333,116.66666666666667
117.66666666666667,116.66666666666667,117.66666666666667,116.66666666666667
118.0,116.66666666666667,118.0,116.66666666666667
118.33333333333333,116.66666666666667,118.33333333333333,116.66666666666667
118.66666666666667,116.66666666666667,118.66666666666667,116.66666666666667
119.0,116.66666666666667,119.0,116.66666666666667
119.33333333333333,116.66666666666667,119.33333333333333,116.66666666666667
119.66666666666667,116.66666666666667,119.66666666666667,116.66666666666667
120.0,116.66666666666667,120.0,116.66666666666667
120.33333333333333,116.66666666666667,120.33333333333333,116.66666666666667
120.66666666666667,116.66666666666667,120.66666666666667,116.66666666666667
121.0,116.66666666666667,121.0,116.66666666666667
121.33333333333333,116.66666666666667,121.33333333333333,116.66666666666667
121.66666666666667,116.66666666666667,121.66666666666667,116.66666666666667
122.0,116.66666666666667,122.0,116.66666666666667
122.33333333333333,116.66666666666667,122.33333333333333,116.66666666666667
122.66666666666667,116.66666666666667,122.66666666666667,116.66666666666667
123.0,116.66666666666667,123.0,116.66666666666667
123.33333333333333,116.66666666666667,123.33333333333333,116.66666666666667
123.66666666666667,116.66666666666667,123.66666666666667,116.66666666666667
124.0,116.66666666666667,124.0,116.66666666666667
124.33333333333333,116.66666666666667,124.33333333333333,116.66666666666667
124.66666666666667,116.66666666666667,124.66666666666667,116.66666666666667
125.0,116.66666666666667,125.0,116.66666666666667
125.33333333333333,116.66666666666667,125.33333333333333,116.66666666666667
125.66666666666667,116.66666666666667,125.66666666666667,116.66666666666667
126.0,116.66666666666667,126.0,116.66666666666667
126.33333333333333,116.66666666666667,126.33333333333333,116.66666666666667
126.66666666666667,116.66666666666667,126.66666666666667,116.66666666666667
127.0,116.66666666666667,127.0,116.66666666666667
127.33333333333333,116.66666666666667,127.33333333333333,116.66666666666667
127.66666666666667,116.66666666666667,127.66666666666667,116.66666666666667
128.0,116.66666666666667,128.0,116.66666666666667
128.33333333333334,116.66666666666667,128.33333333333334,116.66666666666667
128.66666666666666,116.66666666666667,128.66666666666666,116.66666666666667
129.0,116.66666666666667,129.0,116.66666666666667
129.33333333333334,116.66666666666667,129.33333333333334,116.66666666666667
129.66666666666666,116.66666666666667,129.66666666666666,116.66666666666667
130.0,116.66666666666667,130.0,116.66666666666667
130.33333333333334,116.66666666666667,130.33333333333334,116.66666666666667
130.66666666666666,116.66666666666667,130.66666666666666,116.66666666666667
131.0,116.66666666666667,131.0,116.66666666666667
131.33333333333334,116.66666666666667,131.33333333333334,116.66666666666667
131.66666666666666,116.66666666666667,131.66666666666666,116.66666666666667
132.0,116.66666666666667,132.0,116.66666666666667
132.33333333333334,116.66666666666667,132.33333333333334,116.66666666666667
132.66666666666666,116.66666666666667,132.66666666666666,116.66666666666667
133.0,116.66666666666667,133.0,116.66666666666667
133.33333333333334,116.66666666666667,133.33333333333334,116.66666666666667
133.66666666666666,116.66666666666667,133.66666666666666,116.66666666666667
134.0,116.66666666666667,134.0,116.66666666666667
134.33333333333334,116.66666666666667,134.33333333333334,116.66666666666667
134.66666666666666,116.66666666666667,134.66666666666666,116.66666666666667
135.0,116.66666666666667,135.0,116.66666666666667
112.66666666666667,117.0,112.66666666666667,117.0
113.0,117.0,113.0,117.0
113.33333333333333,117.0,113.33333333333333,117.0
113.66666666666667,117.0,113.66666666666667,117.0
114.0,117.0,114.0,117.0
114.33333333333333,117.0,114.33333333333333,117.0
114.66666666666667,117.0,114.66666666666667,117.0
115.0,117.0,115.0,117.0
115.33333333333333,117.0,115.33333333333333,117.0
115.66666666666667,117.0,115.66666666666667,117.0
116.0,117.0,116.0,117.0
116.33333333333333,117.0,116.33333333333333,117.0
116.66666666666667,117.0,116.66666666666667,117.0
117.0,117.0,117.0,117.0
117.33333333333333,117.0,117.33333333333333,117.0
117.66666666666667,117.0,117.66666666666667,117.0
118.0,117.0,118.0,117.0
118.33333333333333,117.0,118.33333333333333,117.0
118.66666666666667,117.0,118.66666666666667,117.0
119.0,117.0,119.0,117.0
119.33333333333333,117.0,119.33333333333333,117.0
119.66666666666667,117.0,119.66666666666667,117.0
120.0,117.0,120.0,117.0
120.33333333333333,117.0,120.33333333333333,117.0
120.66666666666667,117.0,120.66666666666667,117.0
121.0,117.0,121.0,117.0
121.33333333333333,117.0,121.33333333333333,117.0
121.66666666666667,117.0,121.66666666666667,117.0
122.0,117.0,122.0,117.0
122.33333333333333,117.0,122.33333333333333,117.0
122.66666666666667,117.0,122.66666666666667,117.0
123.0,117.0,123.0,117.0
123.33333333333333,117.0,123.33333333333333,117.0
123.66666666666667,117.0,123.66666666666667,117.0
124.0,117.0,124.0,117.0
124.33333333333333,117.0,124.33333333333333,117.0
124.66666666666667,117.0,124.66666666666667,117.0
125.0,117.0,125.0,117.0
125.33333333333333,117.0,125.33333333333333,117.0
125.66666666666667,117.0,125.66666666666667,117.0
126.0,117.0,126.0,117.0
126.33333333333333,117.0,126.33333333333333,117.0
126.66666666666667,117.0,126.66666666666667,117.0
127.0,117.0,127.0,117.0
127.33333333333333,117.0,127.33333333333333,117.0
127.66666666666667,117.0,127.66666666666667,117.0
128.0,117.0,128.0,117.0
128.33333333333334,117.0,128.33333333333334,117.0
128.66666666666666,117.0,128.66666666666666,117.0
129.0,117.0,129.0,117.0
129.33333333333334,117.0,129.33333333333334,117.0
129.66666666666666,117.0,129.66666666666666,117.0
130.0,117.0,130.0,117.0
130.33333333333334,117.0,130.33333333333334,117.0
130.66666666666666,117.0,130.66666666666666,117.0
131.0,117.0,131.0,117.0
131.33333333333334,117.0,131.33333333333334,117.0
131.66666666666666,117.0,131.66666666666666,117.0
132.0,117.0,132.0,117.0
132.33333333333334,117.0,132.33333333333334,117.0
132.66666666666666,117.0,132.66666666666666,117.0
133.0,117.0,133.0,117.0
133.33333333333334,117.0,133.33333333333334,117.0
133.66666666666666,117.0,133.66666666666666,117.0
134.0,117.0,134.0,117.0
134.33333333333334,117.0,134.33333333333334,117.0
134.66666666666666,117.0,134.66666666666666,117.0
135.0,117.0,135.0,117.0
112.66666666666667,117.33333333333333,112.66666666666667,117.33333333333333
113.0,117.33333333333333,113.0,117.33333333333333
113.33333333333333,117.33333333333333,113.33333333333333,117.33333333333333
113.66666666666667,117.33333333333333,113.66666666666667,117.33333333333333
114.0,117.33333333333333,114.0,117.33333333333333
114.33333333333333,117.33333333333333,114.33333333333333,117.33333333333333
114.66666666666667,117.33333333333333,114.66666666666667,117.33333333333333
115.0,117.33333333333333,115.0,117.33333333333333
115.33333333333333,117.33333333333333,115.33333333333333,117.33333333333333
115.66666666666667,117.33333333333333,115.66666666666667,117.33333333333333
116.0,117.33333333333333,116.0,117.33333333333333
116.33333333333333,117.33333333333333,116.33333333333333,117.33333333333333
116.66666666666667,117.33333333333333,116.66666666666667,117.33333333333333
117.0,117.33333333333333,117.0,117.33333333333333
117.33333333333333,117.33333333333333,117.33333333333333,117.33333333333333
117.66666666666667,117.33333333333333,117.66666666666667,117.33333333333333
118.0,117.33333333333333,118.0,117.33333333333333
118.33333333333333,117.33333333333333,118.33333333333333,117.33333333333333
118.66666666666667,117.33333333333333,118.66666666666667,117.33333333333333
119.0,117.33333333333333,119.0,117.33333333333333
119.33333333333333,117.33333333333333,119.33333333333333,117.33333333333333
119.66666666666667,117.33333333333333,119.66666666666667,117.33333333333333
120.0,117.33333333333333,120.0,117.33333333333333
120.33333333333333,117.33333333333333,120.33333333333333,117.33333333333333
120.66666666666667,117.33333333333333,120.66666666666667,117.33333333333333
121.0,117.33333333333333,121.0,117.33333333333333
121.33333333333333,117.33333333333333,121.33333333333333,117.33333333333333
121.66666666666667,117.33333333333333,121.66666666666667,117.33333333333333
122.0,117.33333333333333,122.0,117.33333333333333
122.33333333333333,117.33333333333333,122.33333333333333,117.33333333333333
122.66666666666667,117.33333333333333,122.66666666666667,117.33333333333333
123.0,117.33333333333333,123.0,117.33333333333333
123.33333333333333,117.33333333333333,123.33333333333333,117.33333333333333
123.66666666666667,117.33333333333333,123.66666666666667,117.33333333333333
124.0,117.33333333333333,124.0,117.33333333333333
124.33333333333333,117.33333333333333,124.33333333333333,117.33333333333333
124.66666666666667,117.33333333333333,124.66666666666667,117.33333333333333
125.0,117.33333333333333,125.0,117.33333333333333
125.33333333333333,117.33333333333333,125.33333333333333,117.33333333333333
125.66666666666667,117.33333333333333,125.66666666666667,117.33333333333333
126.0,117.33333333333333,126.0,117.33333333333333
126.33333333333333,117.33333333333333,126.33333333333333,117.33333333333333
126.66666666666667,117.33333333333333,126.66666666666667,117.33333333333333
127.0,117.33333333333333,127.0,117.33333333333333
127.33333333333333,117.33333333333333,127.33333333333333,117.33333333333333
127.66666666666667,117.33333333333333,127.66666666666667,117.33333333333333
128.0,117.33333333333333,128.0,117.33333333333333
128.33333333333334,117.33333333333333,128.33333333333334,117.33333333333333
128.66666666666666,117.33333333333333,128.66666666666666,117.33333333333333
129.0,117.33333333333333,129.0,117.33333333333333
129.33333333333334,117.33333333333333,129.33333333333334,117.33333333333333
129.66666666666666,117.33333333333333,129.66666666666666,117.33333333333333
130.0,117.33333333333333,130.0,117.33333333333333
130.33333333333334,117.33333333333333,130.33333333333334,117.33333333333333
130.66666666666666,117.33333333333333,130.66666666666666,117.33333333333333
131.0,117.33333333333333,131.0,117.33333333333333
131.33333333333334,117.33333333333333,131.33333333333334,117.33333333333333
131.66666666666666,117.33333333333333,131.66666666666666,117.33333333333333
132.0,117.33333333333333,132.0,117.33333333333333
132.33333333333334,117.33333333333333,132.33333333333334,117.33333333333333
132.66666666666666,117.33333333333333,132.66666666666666,117.33333333333333
133.0,117.33333333333333,133.0,117.33333333333333
133.33333333333334,117.33333333333333,133.33333333333334,117.33333333333333
133.66666666666666,117.33333333333333,133.66666666666666,117.33333333333333
134.0,117.33333333333333,134.0,117.33333333333333
134.33333333333334,117.33333333333333,134.33333333333334,117.33333333333333
134.66666666666666,117.33333333333333,134.66666666666666,117.33333333333333
135.0,117.33333333333333,135.0,117.33333333333333
135.33333333333334,117.33333333333333,135.33333333333334,117.33333333333333
112.66666666666667,117.66666666666667,112.66666666666667,117.66666666666667
113.0,117.66666666666667,113.0,117.66666666666667
113.33333333333333,117.66666666666667,113.33333333333333,117.66666666666667
113.66666666666667,117.66666666666667,113.66666666666667,117.66666666666667
114.0,117.66666666666667,114.0,117.66666666666667
114.33333333333333,117.66666666666667,114.33333333333333,117.66666666666667
114.66666666666667,117.66666666666667,114.66666666666667,117.66666666666667
115.0,117.66666666666667,115.0,117.66666666666667
115.33333333333333,117.66666666666667,115.33333333333333,117.66666666666667
115.66666666666667,117.66666666666667,115.66666666666667,117.66666666666667
116.0,117.66666666666667,116.0,117.66666666666667
116.33333333333333,117.66666666666667,116.33333333333333,117.66666666666667
116.66666666666667,117.66666666666667,116.66666666666667,117.66666666666667
117.0,117.66666666666667,117.0,117.66666666666667
117.33333333333333,117.66666666666667,117.33333333333333,117.66666666666667
117.66666666666667,117.66666666666667,117.66666666666667,117.66666666666667
118.0,117.66666666666667,118.0,117.66666666666667
118.33333333333333,117.66666666666667,118.33333333333333,117.66666666666667
118.66666666666667,117.66666666666667,118.66666666666667,117.66666666666667
119.0,117.66666666666667,119.0,117.66666666666667
119.33333333333333,117.66666666666667,119.33333333333333,117.66666666666667
119.66666666666667,117.66666666666667,119.66666666666667,117.66666666666667
120.0,117.66666666666667,120.0,117.66666666666667
120.33333333333333,117.66666666666667,120.33333333333333,117.66666666666667
120.66666666666667,117.66666666666667,120.66666666666667,117.66666666666667
121.0,117.66666666666667,121.0,117.66666666666667
121.33333333333333,117.66666666666667,121.33333333333333,117.66666666666667
121.66666666666667,117.66666666666667,121.66666666666667,117.66666666666667
122.0,117.66666666666667,122.0,117.66666666666667
122.33333333333333,117.66666666666667,122.33333333333333,117.66666666666667
122.66666666666667,117.66666666666667,122.66666666666667,117.66666666666667
123.0,117.66666666666667,123.0,117.66666666666667
123.33333333333333,117.66666666666667,123.33333333333333,117.66666666666667
123.66666666666667,117.66666666666667,123.66666666666667,117.66666666666667
124.0,117.66666666666667,124.0,117.66666666666667
124.33333333333333,117.66666666666667,124.33333333333333,117.66666666666667
124.66666666666667,117.66666666666667,124.66666666666667,117.66666666666667
125.0,117.66666666666667,125.0,117.66666666666667
125.33333333333333,117.66666666666667,125.33333333333333,117.66666666666667
125.66666666666667,117.66666666666667,125.66666666666667,117.66666666666667
126.0,117.66666666666667,126.0,117.66666666666667
126.33333333333333,117.66666666666667,126.33333333333333,117.66666666666667
126.66666666666667,117.66666666666667,126.66666666666667,117.66666666666667
127.0,117.66666666666667,127.0,117.66666666666667
127.33333333333333,117.66666666666667,127.33333333333333,117.66666666666667
127.66666666666667,117.66666666666667,127.66666666666667,117.66666666666667
128.0,117.66666666666667,128.0,117.66666666666667
128.33333333333334,117.66666666666667,128.33333333333334,117.66666666666667
128.66666666666666,117.66666666666667,128.66666666666666,117.66666666666667
129.0,117.66666666666667,129.0,117.66666666666667
129.33333333333334,117.66666666666667,129.33333333333334,117.66666666666667
129.66666666666666,117.66666666666667,129.66666666666666,117.66666666666667
130.0,117.66666666666667,130.0,117.66666666666667
130.33333333333334,117.66666666666667,130.33333333333334,117.66666666666667
130.66666666666666,117.66666666666667,130.66666666666666,117.66666666666667
131.0,117.66666666666667,131.0,117.66666666666667
131.33333333333334,117.66666666666667,131.33333333333334,117.66666666666667
131.66666666666666,117.66666666666667,131.66666666666666,117.66666666666667
132.0,117.66666666666667,132.0,117.66666666666667
132.33333333333334,117.66666666666667,132.33333333333334,117.66666666666667
132.66666666666666,117.66666666666667,132.66666666666666,117.66666666666667
133.0,117.66666666666667,133.0,117.66666666666667
133.33333333333334,117.66666666666667,133.33333333333334,117.66666666666667
133.66666666666666,117.66666666666667,133.66666666666666,117.66666666666667
134.0,117.66666666666667,134.0,117.66666666666667
134.33333333333334,117.66666666666667,134.33333333333334,117.66666666666667
134.66666666666666,117.66666666666667,134.66666666666666,117.66666666666667
135.0,117.66666666666667,135.0,117.66666666666667
135.33333333333334,117.66666666666667,135.33333333333334,117.66666666666667
112.66666666666667,118.0,112.66666666666667,118.0
113.0,118.0,113.0,118.0
113.33333333333333,118.0,113.33333333333333,118.0
113.66666666666667,118.0,113.66666666666667,118.0
114.0,118.0,114.0,118.0
114.33333333333333,118.0,114.33333333333333,118.0
114.66666666666667,118.0,114.66666666666667,118.0
115.0,118.0,115.0,118.0
115.33333333333333,118.0,115.33333333333333,118.0
115.66666666666667,118.0,115.66666666666667,118.0
116.0,118.0,116.0,118.0
116.33333333333333,118.0,116.33333333333333,118.0
116.66666666666667,118.0,116.66666666666667,118.0
117.0,118.0,117.0,118.0
117.33333333333333,118.0,117.33333333333333,118.0
117.66666666666667,118.0,117.66666666666667,118.0
118.0,118.0,118.0,118.0
118.33333333333333,118.0,118.33333333333333,118.0
118.66666666666667,118.0,118.66666666666667,118.0
119.0,118.0,119.0,118.0
119.33333333333333,118.0,119.33333333333333,118.0
119.66666666666667,118.0,119.66666666666667,118.0
120.0,118.0,120.0,118.0
120.33333333333333,118.0,120.33333333333333,118.0
120.66666666666667,118.0,120.66666666666667,118.0
121.0,118.0,121.0,118.0
121.33333333333333,118.0,121.33333333333333,118.0
121.66666666666667,118.0,121.66666666666667,118.0
122.0,118.0,122.0,118.0
122.33333333333333,118.0,122.33333333333333,118.0
122.66666666666667,118.0,122.66666666666667,118.0
123.0,118.0,123.0,118.0
123.33333333333333,118.0,123.33333333333333,118.0
123.66666666666667,118.0,123.66666666666667,118.0
124.0,118.0,124.0,118.0
124.33333333333333,118.0,124.33333333333333,118.0
124.66666666666667,118.0,124.66666666666667,118.0
125.0,118.0,125.0,118.0
125.33333333333333,118.0,125.33333333333333,118.0
125.66666666666667,118.0,125.66666666666667,118.0
126.0,118.0,126.0,118.0
126.33333333333333,118.0,126.33333333333333,118.0
126.66666666666667,118.0,126.66666666666667,118.0
127.0,118.0,127.0,118.0
127.33333333333333,118.0,127.33333333333333,118.0
127.66666666666667,118.0,127.66666666666667,118.0
128.0,118.0,128.0,118.0
128.33333333333334,118.0,128.33333333333334,118.0
128.66666666666666,118.0,128.66666666666666,118.0
129.0,118.0,129.0,118.0
129.33333333333334,118.0,129.33333333333334,118.0
129.66666666666666,118.0,129.66666666666666,118.0
130.0,118.0,130.0,118.0
130.33333333333334,118.0,130.33333333333334,118.0
130.66666666666666,118.0,130.66666666666666,118.0
131.0,118.0,131.0,118.0
131.33333333333334,118.0,131.33333333333334,118.0
131.66666666666666,118.0,131.66666666666666,118.0
132.0,118.0,132.0,118.0
132.33333333333334,118.0,132.33333333333334,118.0
132.66666666666666,118.0,132.66666666666666,118.0
133.0,118.0,133.0,118.0
133.33333333333334,118.0,133.33333333333334,118.0
133.66666666666666,118.0,133.66666666666666,118.0
134.0,118.0,134.0,118.0
134.33333333333334,118.0,134.33333333333334,118.0
134.66666666666666,118.0,134.66666666666666,118.0
135.0,118.0,135.0,118.0
135.33333333333334,118.0,135.33333333333334,118.0
112.66666666666667,118.33333333333333,112.66666666666667,118.33333333333333
113.0,118.33333333333333,113.0,118.33333333333333
113.33333333333333,118.33333333333333,113.33333333333333,118.33333333333333
113.66666666666667,118.33333333333333,113.66666666666667,118.33333333333333
114.0,118.33333333333333,114.0,118.33333333333333
114.33333333333333,118.33333333333333,114.33333333333333,118.33333333333333
114.66666666666667,118.33333333333333,114.66666666666667,118.33333333333333
115.0,118.33333333333333,115.0,118.33333333333333
115.33333333333333,118.33333333333333,115.33333333333333,118.33333333333333
115.66666666666667,118.33333333333333,115.66666666666667,118.33333333333333
116.0,118.33333333333333,116.0,118.33333333333333
116.33333333333333,118.33333333333333,116.33333333333333,118.33333333333333
116.66666666666667,118.33333333333333,116.66666666666667,118.33333333333333
117.0,118.33333333333333,117.0,118.33333333333333
117.33333333333333,118.33333333333333,117.33333333333333,118.33333333333333
117.66666666666667,118.33333333333333,117.66666666666667,118.33333333333333
118.0,118.33333333333333,118.0,118.33333333333333
118.33333333333333,118.33333333333333,118.33333333333333,118.33333333333333
118.66666666666667,118.33333333333333,118.66666666666667,118.33333333333333
119.0,118.33333333333333,119.0,118.33333333333333
119.33333333333333,118.33333333333333,119.33333333333333,118.33333333333333
119.66666666666667,118.33333333333333,119.66666666666667,118.33333333333333
120.0,118.33333333333333,120.0,118.33333333333333
120.33333333333333,118.33333333333333,120.33333333333333,118.33333333333333
120.66666666666667,118.33333333333333,120.66666666666667,118.33333333333333
121.0,118.33333333333333,121.0,118.33333333333333
121.33333333333333,118.33333333333333,121.33333333333333,118.33333333333333
121.66666666666667,118.33333333333333,121.66666666666667,118.33333333333333
122.0,118.33333333333333,122.0,118.33333333333333
122.33333333333333,118.33333333333333,122.33333333333333,118.33333333333333
122.66666666666667,118.33333333333333,122.66666666666667,118.33333333333333
123.0,118.33333333333333,123.0,118.33333333333333
123.33333333333333,118.33333333333333,123.33333333333333,118.33333333333333
123.66666666666667,118.33333333333333,123.66666666666667,118.33333333333333
124.0,118.33333333333333,124.0,118.33333333333333
124.33333333333333,118.33333333333333,124.33333333333333,118.33333333333333
124.66666666666667,118.33333333333333,124.66666666666667,118.33333333333333
125.0,118.33333333333333,125.0,118.33333333333333
125.33333333333333,118.33333333333333,125.33333333333333,118.33333333333333
125.66666666666667,118.33333333333333,125.66666666666667,118.33333333333333
126.0,118.33333333333333,126.0,118.33333333333333
126.33333333333333,118.33333333333333,126.33333333333333,118.33333333333333
126.66666666666667,118.33333333333333,126.66666666666667,118.33333333333333
127.0,118.33333333333333,127.0,118.33333333333333
127.33333333333333,118.33333333333333,127.33333333333333,118.33333333333333
127.66666666666667,118.33333333333333,127.66666666666667,118.33333333333333
128.0,118.33333333333333,128.0,118.33333333333333
128.33333333333334,118.33333333333333,128.33333333333334,118.33333333333333
128.66666666666666,118.33333333333333,128.66666666666666,118.33333333333333
129.0,118.33333333333333,129.0,118.33333333333333
129.33333333333334,118.33333333333333,129.33333333333334,118.33333333333333
129.66666666666666,118.33333333333333,129.66666666666666,118.33333333333333
130.0,118.33333333333333,130.0,118.33333333333333
130.33333333333334,118.33333333333333,130.33333333333334,118.33333333333333
130.66666666666666,118.33333333333333,130.66666666666666,118.33333333333333
131.0,118.33333333333333,131.0,118.33333333333333
131.33333333333334,118.33333333333333,131.33333333333334,118.33333333333333
131.66666666666666,118.33333333333333,131.66666666666666,118.33333333333333
132.0,118.33333333333333,132.0,118.33333333333333
132.33333333333334,118.33333333333333,132.33333333333334,118.33333333333333
132.66666666666666,118.33333333333333,132.66666666666666,118.33333333333333
133.0,118.33333333333333,133.0,118.33333333333333
133.33333333333334,118.33333333333333,133.33333333333334,118.33333333333333
133.66666666666666,118.33333333333333,133.66666666666666,118.33333333333333
134.0,118.33333333333333,134.0,118.33333333333333
134.33333333333334,118.33333333333333,134.33333333333334,118.33333333333333
134.66666666666666,118.33333333333333,134.66666666666666,118.33333333333333
135.0,118.33333333333333,135.0,118.33333333333333
135.33333333333334,118.33333333333333,135.33333333333334,118.33333333333333
112.66666666666667,118.66666666666667,112.66666666666667,118.66666666666667
113.0,118.66666666666667,113.0,118.66666666666667
113.33333333333333,118.66666666666667,113.33333333333333,118.66666666666667
113.66666666666667,118.66666666666667,113.66666666666667,118.66666666666667
114.0,118.66666666666667,114.0,118.66666666666667
114.33333333333333,118.66666666666667,114.33333333333333,118.66666666666667
114.66666666666667,118.66666666666667,114.66666666666667,118.66666666666667
115.0,118.66666666666667,115.0,118.66666666666667
115.33333333333333,118.66666666666667,115.33333333333333,118.66666666666667
115.66666666666667,118.66666666666667,115.66666666666667,118.66666666666667
116.0,118.66666666666667,116.0,118.66666666666667
116.33333333333333,118.66666666666667,116.33333333333333,118.66666666666667
116.66666666666667,118.66666666666667,116.66666666666667,118.66666666666667
117.0,118.66666666666667,117.0,118.66666666666667
117.33333333333333,118.66666666666667,117.33333333333333,118.66666666666667
117.66666666666667,118.66666666666667,117.66666666666667,118.66666666666667
118.0,118.66666666666667,118.0,118.66666666666667
118.33333333333333,118.66666666666667,118.33333333333333,118.66666666666667
118.66666666666667,118.66666666666667,118.66666666666667,118.66666666666667
119.0,118.66666666666667,119.0,118.66666666666667
119.33333333333333,118.66666666666667,119.33333333333333,118.66666666666667
119.66666666666667,118.66666666666667,119.66666666666667,118.66666666666667
120.0,118.66666666666667,120.0,118.66666666666667
120.33333333333333,118.66666666666667,120.33333333333333,118.66666666666667
120.66666666666667,118.66666666666667,120.66666666666667,118.66666666666667
121.0,118.66666666666667,121.0,118.66666666666667
121.33333333333333,118.66666666666667,121.33333333333333,118.66666666666667
121.66666666666667,118.66666666666667,121.66666666666667,118.66666666666667
122.0,118.66666666666667,122.0,118.66666666666667
122.33333333333333,118.66666666666667,122.33333333333333,118.66666666666667
122.66666666666667,118.66666666666667,122.66666666666667,118.66666666666667
123.0,118.66666666666667,123.0,118.66666666666667
123.33333333333333,118.66666666666667,123.33333333333333,118.66666666666667
123.66666666666667,118.66666666666667,123.66666666666667,118.66666666666667
124.0,118.66666666666667,124.0,118.66666666666667
124.33333333333333,118.66666666666667,124.33333333333333,118.66666666666667
124.66666666666667,118.66666666666667,124.66666666666667,118.66666666666667
125.0,118.66666666666667,125.0,118.66666666666667
125.33333333333333,118.66666666666667,125.33333333333333,118.66666666666667
125.66666666666667,118.66666666666667,125.66666666666667,118.66666666666667
126.0,118.66666666666667,126.0,118.66666666666667
126.33333333333333,118.66666666666667,126.33333333333333,118.66666666666667
126.66666666666667,118.66666666666667,126.66666666666667,118.66666666666667
127.0,118.66666666666667,127.0,118.66666666666667
127.33333333333333,118.66666666666667,127.33333333333333,118.66666666666667
127.66666666666667,118.66666666666667,127.66666666666667,118.66666666666667
128.0,118.66666666666667,128.0,118.66666666666667
128.33333333333334,118.66666666666667,128.33333333333334,118.66666666666667
128.66666666666666,118.66666666666667,128.66666666666666,118.66666666666667
129.0,118.66666666666667,129.0,118.66666666666667
129.33333333333334,118.66666666666667,129.33333333333334,118.66666666666667
129.66666666666666,118.66666666666667,129.66666666666666,118.66666666666667
130.0,118.66666666666667,130.0,118.66666666666667
130.33333333333334,118.66666666666667,130.33333333333334,118.66666666666667
130.66666666666666,118.66666666666667,130.66666666666666,118.66666666666667
131.0,118.66666666666667,131.0,118.66666666666667
131.33333333333334,118.66666666666667,131.33333333333334,118.66666666666667
131.66666666666666,118.66666666666667,131.66666666666666,118.66666666666667
132.0,118.66666666666667,132.0,118.66666666666667
132.33333333333334,118.66666666666667,132.33333333333334,118.66666666666667
132.66666666666666,118.66666666666667,132.66666666666666,118.66666666666667
133.0,118.66666666666667,133.0,118.66666666666667
133.33333333333334,118.66666666666667,133.33333333333334,118.66666666666667
133.66666666666666,118.66666666666667,133.66666666666666,118.66666666666667
134.0,118.66666666666667,134.0,118.66666666666667
134.33333333333334,118.66666666666667,134.33333333333334,118.66666666666667
134.66666666666666,118.66666666666667,134.66666666666666,118.66666666666667
135.0,118.66666666666667,135.0,118.66666666666667
135.33333333333334,118.66666666666667,135.33333333333334,118.66666666666667
112.66666666666667,119.0,112.66666666666667,119.0
113.0,119.0,113.0,119.0
113.33333333333333,119.0,113.33333333333333,119.0
113.66666666666667,119.0,113.66666666666667,119.0
114.0,119.0,114.0,119.0
114.33333333333333,119.0,114.33333333333333,119.0
114.66666666666667,119.0,114.66666666666667,119.0
115.0,119.0,115.0,119.0
115.33333333333333,119.0,115.33333333333333,119.0
115.66666666666667,119.0,115.66666666666667,119.0
116.0,119.0,116.0,119.0
116.33333333333333,119.0,116.33333333333333,119.0
116.66666666666667,119.0,116.66666666666667,119.0
117.0,119.0,117.0,119.0
117.33333333333333,119.0,117.33333333333333,119.0
117.66666666666667,119.0,117.66666666666667,119.0
118.0,119.0,118.0,119.0
118.33333333333333,119.0,118.33333333333333,119.0
118.66666666666667,119.0,118.66666666666667,119.0
119.0,119.0,119.0,119.0
119.33333333333333,119.0,119.33333333333333,119.0
119.66666666666667,119.0,119.66666666666667,119.0
120.0,119.0,120.0,119.0
120.33333333333333,119.0,120.33333333333333,119.0
120.66666666666667,119.0,120.66666666666667,119.0
121.0,119.0,121.0,119.0
121.33333333333333,119.0,121.33333333333333,119.0
121.66666666666667,119.0,121.66666666666667,119.0
122.0,119.0,122.0,119.0
122.33333333333333,119.0,122.33333333333333,119.0
122.66666666666667,119.0,122.66666666666667,119.0
123.0,119.0,123.0,119.0
123.33333333333333,119.0,123.33333333333333,119.0
123.66666666666667,119.0,123.66666666666667,119.0
124.0,119.0,124.0,119.0
124.33333333333333,119.0,124.33333333333333,119.0
124.66666666666667,119.0,124.66666666666667,119.0
125.0,119.0,125.0,119.0
125.33333333333333,119.0,125.33333333333333,119.0
125.66666666666667,119.0,125.66666666666667,119.0
126.0,119.0,126.0,119.0
126.33333333333333,119.0,126.33333333333333,119.0
126.66666666666667,119.0,126.66666666666667,119.0
127.0,119.0,127.0,119.0
127.33333333333333,119.0,127.33333333333333,119.0
127.66666666666667,119.0,127.66666666666667,119.0
128.0,119.0,128.0,119.0
128.33333333333334,119.0,128.33333333333334,119.0
128.66666666666666,119.0,128.66666666666666,119.0
129.0,119.0,129.0,119.0
129.33333333333334,119.0,129.33333333333334,119.0
129.66666666666666,119.0,129.66666666666666,119.0
130.0,119.0,130.0,119.0
130.33333333333334,119.0,130.33333333333334,119.0
130.66666666666666,119.0,130.66666666666666,119.0
131.0,119.0,131.0,119.0
131.33333333333334,119.0,131.33333333333334,119.0
131.66666666666666,119.0,131.66666666666666,119.0
132.0,119.0,132.0,119.0
132.33333333333334,119.0,132.33333333333334,119.0
132.66666666666666,119.0,132.66666666666666,119.0
133.0,119.0,133.0,119.0
133.33333333333334,119.0,133.33333333333334,119.0
133.66666666666666,119.0,133.66666666666666,119.0
134.0,119.0,134.0,119.0
134.33333333333334,119.0,134.33333333333334,119.0
134.66666666666666,119.0,134.66666666666666,119.0
135.0,119.0,135.0,119.0
135.33333333333334,119.0,135.33333333333334,119.0
112.66666666666667,119.33333333333333,112.66666666666667,119.33333333333333
113.0,119.33333333333333,113.0,119.33333333333333
113.33333333333333,119.33333333333333,113.33333333333333,119.33333333333333
113.66666666666667,119.33333333333333,113.66666666666667,119.33333333333333
114.0,119.33333333333333,114.0,119.33333333333333
114.33333333333333,119.33333333333333,114.33333333333333,119.33333333333333
114.66666666666667,119.33333333333333,114.66666666666667,119.33333333333333
115.0,119.33333333333333,115.0,119.33333333333333
115.33333333333333,119.33333333333333,115.33333333333333,119.33333333333333
115.66666666666667,119.33333333333333,115.66666666666667,119.33333333333333
116.0,119.33333333333333,116.0,119.33333333333333
116.33333333333333,119.33333333333333,116.33333333333333,119.33333333333333
116.66666666666667,119.33333333333333,116.66666666666667,119.33333333333333
117.0,119.33333333333333,117.0,119.33333333333333
117.33333333333333,119.33333333333333,117.33333333333333,119.33333333333333
117.66666666666667,119.33333333333333,117.66666666666667,119.33333333333333
118.0,119.33333333333333,118.0,119.33333333333333
118.33333333333333,119.33333333333333,118.33333333333333,119.33333333333333
118.66666666666667,119.33333333333333,118.66666666666667,119.33333333333333
119.0,119.33333333333333,119.0,119.33333333333333
119.33333333333333,119.33333333333333,119.33333333333333,119.33333333333333
119.66666666666667,119.33333333333333,119.66666666666667,119.33333333333333
120.0,119.33333333333333,120.0,119.33333333333333
120.33333333333333,119.33333333333333,120.33333333333333,119.33333333333333
120.66666666666667,119.33333333333333,120.66666666666667,119.33333333333333
121.0,119.33333333333333,121.0,119.33333333333333
121.33333333333333,119.33333333333333,121.33333333333333,119.33333333333333
121.66666666666667,119.33333333333333,121.66666666666667,119.33333333333333
122.0,119.33333333333333,122.0,119.33333333333333
122.33333333333333,119.33333333333333,122.33333333333333,119.33333333333333
122.66666666666667,119.33333333333333,122.66666666666667,119.33333333333333
123.0,119.33333333333333,123.0,119.33333333333333
123.33333333333333,119.33333333333333,123.33333333333333,119.33333333333333
123.66666666666667,119.33333333333333,123.66666666666667,119.33333333333333
124.0,119.33333333333333,124.0,119.33333333333333
124.33333333333333,119.33333333333333,124.33333333333333,119.33333333333333
124.66666666666667,119.33333333333333,124.66666666666667,119.33333333333333
125.0,119.33333333333333,125.0,119.33333333333333
125.33333333333333,119.33333333333333,125.33333333333333,119.33333333333333
125.66666666666667,119.33333333333333,125.66666666666667,119.33333333333333
126.0,119.33333333333333,126.0,119.33333333333333
126.33333333333333,119.33333333333333,126.33333333333333,119.33333333333333
126.66666666666667,119.33333333333333,126.66666666666667,119.33333333333333
127.0,119.33333333333333,127.0,119.33333333333333
127.33333333333333,119.33333333333333,127.33333333333333,119.33333333333333
127.66666666666667,119.33333333333333,127.66666666666667,119.33333333333333
128.0,119.33333333333333,128.0,119.33333333333333
128.33333333333334,119.33333333333333,128.33333333333334,119.33333333333333
128.66666666666666,119.33333333333333,128.66666666666666,119.33333333333333
129.0,119.33333333333333,129.0,119.33333333333333
129.33333333333334,119.33333333333333,129.33333333333334,119.33333333333333
129.66666666666666,119.33333333333333,129.66666666666666,119.33333333333333
130.0,119.33333333333333,130.0,119.33333333333333
130.33333333333334,119.33333333333333,130.33333333333334,119.33333333333333
130.66666666666666,119.33333333333333,130.66666666666666,119.33333333333333
131.0,119.33333333333333,131.0,119.33333333333333
131.33333333333334,119.33333333333333,131.33333333333334,119.33333333333333
131.66666666666666,119.33333333333333,131.66666666666666,119.33333333333333
132.0,119.33333333333333,132.0,119.33333333333333
132.33333333333334,119.33333333333333,132.33333333333334,119.33333333333333
132.66666666666666,119.33333333333333,132.66666666666666,119.33333333333333
133.0,119.33333333333333,133.0,119.33333333333333
133.33333333333334,119.33333333333333,133.33333333333334,119.33333333333333
133.66666666666666,119.33333333333333,133.66666666666666,119.33333333333333
134.0,119.33333333333333,134.0,119.33333333333333
134.33333333333334,119.33333333333333,134.33333333333334,119.33333333333333
134.66666666666666,119.33333333333333,134.66666666666666,119.33333333333333
135.0,119.33333333333333,135.0,119.33333333333333
135.33333333333334,119.33333333333333,135.33333333333334,119.33333333333333
112.66666666666667,119.66666666666667,112.66666666666667,119.66666666666667
113.0,119.66666666666667,113.0,119.66666666666667
113.33333333333333,119.66666666666667,113.33333333333333,119.66666666666667
113.66666666666667,119.66666666666667,113.66666666666667,119.66666666666667
114.0,119.66666666666667,114.0,119.66666666666667
114.33333333333333,119.66666666666667,114.33333333333333,119.66666666666667
114.66666666666667,119.66666666666667,114.66666666666667,119.66666666666667
115.0,119.66666666666667,115.0,119.66666666666667
115.33333333333333,119.66666666666667,115.33333333333333,119.66666666666667
115.66666666666667,119.66666666666667,115.66666666666667,119.66666666666667
116.0,119.66666666666667,116.0,119.66666666666667
116.33333333333333,119.66666666666667,116.33333333333333,119.66666666666667
116.66666666666667,119.66666666666667,116.66666666666667,119.66666666666667
117.0,119.66666666666667,117.0,119.66666666666667
117.33333333333333,119.66666666666667,117.33333333333333,119.66666666666667
117.66666666666667,119.66666666666667,117.66666666666667,119.66666666666667
118.0,119.66666666666667,118.0,119.66666666666667
118.33333333333333,119.66666666666667,118.33333333333333,119.66666666666667
118.66666666666667,119.66666666666667,118.66666666666667,119.66666666666667
119.0,119.66666666666667,119.0,119.66666666666667
119.33333333333333,119.66666666666667,119.33333333333333,119.66666666666667
119.66666666666667,119.66666666666667,119.66666666666667,119.66666666666667
120.0,119.66666666666667,120.0,119.66666666666667
120.33333333333333,119.66666666666667,120.33333333333333,119.66666666666667
120.66666666666667,119.66666666666667,120.66666666666667,119.66666666666667
121.0,119.66666666666667,121.0,119.66666666666667
121.33333333333333,119.66666666666667,121.33333333333333,119.66666666666667
121.66666666666667,119.66666666666667,121.66666666666667,119.66666666666667
122.0,119.66666666666667,122.0,119.66666666666667
122.33333333333333,119.66666666666667,122.33333333333333,119.66666666666667
122.66666666666667,119.66666666666667,122.66666666666667,119.66666666666667
123.0,119.66666666666667,123.0,119.66666666666667
123.33333333333333,119.66666666666667,123.33333333333333,119.66666666666667
123.66666666666667,119.66666666666667,123.66666666666667,119.66666666666667
124.0,119.66666666666667,124.0,119.66666666666667
124.33333333333333,119.66666666666667,124.33333333333333,119.66666666666667
124.66666666666667,119.66666666666667,124.66666666666667,119.66666666666667
125.0,119.66666666666667,125.0,119.66666666666667
125.33333333333333,119.66666666666667,125.33333333333333,119.66666666666667
125.66666666666667,119.66666666666667,125.66666666666667,119.66666666666667
126.0,119.66666666666667,126.0,119.66666666666667
126.33333333333333,119.66666666666667,126.33333333333333,119.66666666666667
126.66666666666667,119.66666666666667,126.66666666666667,119.66666666666667
127.0,119.66666666666667,127.0,119.66666666666667
127.33333333333333,119.66666666666667,127.33333333333333,119.66666666666667
127.66666666666667,119.66666666666667,127.66666666666667,119.66666666666667
128.0,119.66666666666667,128.0,119.66666666666667
128.33333333333334,119.66666666666667,128.33333333333334,119.66666666666667
128.66666666666666,119.66666666666667,128.66666666666666,119.66666666666667
129.0,119.66666666666667,129.0,119.66666666666667
129.33333333333334,119.66666666666667,129.33333333333334,119.66666666666667
129.66666666666666,119.66666666666667,129.66666666666666,119.66666666666667
130.0,119.66666666666667,130.0,119.66666666666667
130.33333333333334,119.66666666666667,130.33333333333334,119.66666666666667
130.66666666666666,119.66666666666667,130.66666666666666,119.66666666666667
131.0,119.66666666666667,131.0,119.66666666666667
131.33333333333334,119.66666666666667,131.33333333333334,119.66666666666667
131.66666666666666,119.66666666666667,131.66666666666666,119.66666666666667
132.0,119.66666666666667,132.0,119.66666666666667
132.33333333333334,119.66666666666667,132.33333333333334,119.66666666666667
132.66666666666666,119.66666666666667,132.66666666666666,119.66666666666667
133.0,119.66666666666667,133.0,119.66666666666667
133.33333333333334,119.66666666666667,133.33333333333334,119.66666666666667
133.66666666666666,119.66666666666667,133.66666666666666,119.66666666666667
134.0,119.66666666666667,134.0,119.66666666666667
134.33333333333334,119.66666666666667,134.33333333333334,119.66666666666667
134.66666666666666,119.66666666666667,134.66666666666666,119.66666666666667
135.0,119.66666666666667,135.0,119.66666666666667
135.33333333333334,119.66666666666667,135.33333333333334,119.66666666666667
112.66666666666667,120.0,112.66666666666667,120.0
113.0,120.0,113.0,120.0
113.33333333333333,120.0,113.33333333333333,120.0
113.66666666666667,120.0,113.66666666666667,120.0
114.0,120.0,114.0,120.0
114.33333333333333,120.0,114.33333333333333,120.0
114.66666666666667,120.0,114.66666666666667,120.0
115.0,120.0,115.0,120.0
115.33333333333333,120.0,115.33333333333333,120.0
115.66666666666667,120.0,115.66666666666667,120.0
116.0,120.0,116.0,120.0
116.33333333333333,120.0,116.33333333333333,120.0
116.66666666666667,120.0,116.66666666666667,120.0
117.0,120.0,117.0,120.0
117.33333333333333,120.0,117.33333333333333,120.0
117.66666666666667,120.0,117.66666666666667,120.0
118.0,120.0,118.0,120.0
118.33333333333333,120.0,118.33333333333333,120.0
118.66666666666667,120.0,118.66666666666667,120.0
119.0,120.0,119.0,120.0
119.33333333333333,120.0,119.33333333333333,120.0
119.66666666666667,120.0,119.66666666666667,120.0
120.0,120.0,120.0,120.0
120.33333333333333,120.0,120.33333333333333,120.0
120.66666666666667,120.0,120.66666666666667,120.0
121.0,120.0,121.0,120.0
121.33333333333333,120.0,121.33333333333333,120.0
121.66666666666667,120.0,121.66666666666667,120.0
122.0,120.0,122.0,120.0
122.33333333333333,120.0,122.33333333333333,120.0
122.66666666666667,120.0,122.66666666666667,120.0
123.0,120.0,123.0,120.0
123.33333333333333,120.0,123.33333333333333,120.0
123.66666666666667,120.0,123.66666666666667,120.0
124.0,120.0,124.0,120.0
124.33333333333333,120.0,124.33333333333333,120.0
124.66666666666667,120.0,124.66666666666667,120.0
125.0,120.0,125.0,120.0
125.33333333333333,120.0,125.33333333333333,120.0
125.66666666666667,120.0,125.66666666666667,120.0
126.0,120.0,126.0,120.0
126.33333333333333,120.0,126.33333333333333,120.0
126.66666666666667,120.0,126.66666666666667,120.0
127.0,120.0,127.0,120.0
127.33333333333333,120.0,127.33333333333333,120.0
127.66666666666667,120.0,127.66666666666667,120.0
128.0,120.0,128.0,120.0
128.33333333333334,120.0,128.33333333333334,120.0
128.66666666666666,120.0,128.66666666666666,120.0
129.0,120.0,129.0,120.0
129.33333333333334,120.0,129.33333333333334,120.0
129.66666666666666,120.0,129.66666666666666,120.0
130.0,120.0,130.0,120.0
130.33333333333334,120.0,130.33333333333334,120.0
130.66666666666666,120.0,130.66666666666666,120.0
131.0,120.0,131.0,120.0
131.33333333333334,120.0,131.33333333333334,120.0
131.66666666666666,120.0,131.66666666666666,120.0
132.0,120.0,132.0,120.0
132.33333333333334,120.0,132.33333333333334,120.0
132.66666666666666,120.0,132.66666666666666,120.0
133.0,120.0,133.0,120.0
133.33333333333334,120.0,133.33333333333334,120.0
133.66666666666666,120.0,133.66666666666666,120.0
134.0,120.0,134.0,120.0
134.33333333333334,120.0,134.33333333333334,120.0
134.66666666666666,120.0,134.66666666666666,120.0
135.0,120.0,135.0,120.0
135.33333333333334,120.0,135.33333333333334,120.0
112.33333333333333,120.33333333333333,112.33333333333333,120.33333333333333
112.66666666666667,120.33333333333333,112.66666666666667,120.33333333333333
113.0,120.33333333333333,113.0,120.33333333333333
113.33333333333333,120.33333333333333,113.33333333333333,120.33333333333333
113.66666666666667,120.33333333333333,113.66666666666667,120.33333333333333
114.0,120.33333333333333,114.0,120.33333333333333
114.33333333333333,120.33333333333333,114.33333333333333,120.33333333333333
114.66666666666667,120.33333333333333,114.66666666666667,120.33333333333333
115.0,120.33333333333333,115.0,120.33333333333333
115.33333333333333,120.33333333333333,115.33333333333333,120.33333333333333
115.66666666666667,120.33333333333333,115.66666666666667,120.33333333333333
116.0,120.33333333333333,116.0,120.33333333333333
116.33333333333333,120.33333333333333,116.33333333333333,120.33333333333333
116.66666666666667,120.33333333333333,116.66666666666667,120.33333333333333
117.0,120.33333333333333,117.0,120.33333333333333
117.33333333333333,120.33333333333333,117.33333333333333,120.33333333333333
117.66666666666667,120.33333333333333,117.66666666666667,120.33333333333333
118.0,120.33333333333333,118.0,120.33333333333333
118.33333333333333,120.33333333333333,118.33333333333333,120.33333333333333
118.66666666666667,120.33333333333333,118.66666666666667,120.33333333333333
119.0,120.33333333333333,119.0,120.33333333333333
119.33333333333333,120.33333333333333,119.33333333333333,120.33333333333333
119.66666666666667,120.33333333333333,119.66666666666667,120.33333333333333
120.0,120.33333333333333,120.0,120.33333333333333
120.33333333333333,120.33333333333333,120.33333333333333,120.33333333333333
120.66666666666667,120.33333333333333,120.66666666666667,120.33333333333333
121.0,120.33333333333333,121.0,120.33333333333333
121.33333333333333,120.33333333333333,121.33333333333333,120.33333333333333
121.66666666666667,120.33333333333333,121.66666666666667,120.33333333333333
122.0,120.33333333333333,122.0,120.33333333333333
122.33333333333333,120.33333333333333,122.33333333333333,120.33333333333333
122.66666666666667,120.33333333333333,122.66666666666667,120.33333333333333
123.0,120.33333333333333,123.0,120.33333333333333
123.33333333333333,120.33333333333333,123.33333333333333,120.33333333333333
123.66666666666667,120.33333333333333,123.66666666666667,120.33333333333333
124.0,120.33333333333333,124.0,120.33333333333333
124.33333333333333,120.33333333333333,124.33333333333333,120.33333333333333
124.66666666666667,120.33333333333333,124.66666666666667,120.33333333333333
125.0,120.33333333333333,125.0,120.33333333333333
125.33333333333333,120.33333333333333,125.33333333333333,120.33333333333333
125.66666666666667,120.33333333333333,125.66666666666667,120.33333333333333
126.0,120.33333333333333,126.0,120.33333333333333
126.33333333333333,120.33333333333333,126.33333333333333,120.33333333333333
126.66666666666667,120.33333333333333,126.66666666666667,120.33333333333333
127.0,120.33333333333333,127.0,120.33333333333333
127.33333333333333,120.33333333333333,127.33333333333333,120.33333333333333
127.66666666666667,120.33333333333333,127.66666666666667,120.33333333333333
128.0,120.33333333333333,128.0,120.33333333333333
128.33333333333334,120.33333333333333,128.33333333333334,120.33333333333333
128.66666666666666,120.33333333333333,128.66666666666666,120.33333333333333
129.0,120.33333333333333,129.0,120.33333333333333
129.33333333333334,120.33333333333333,129.33333333333334,120.33333333333333
129.66666666666666,120.33333333333333,129.66666666666666,120.33333333333333
130.0,120.33333333333333,130.0,120.33333333333333
130.33333333333334,120.33333333333333,130.33333333333334,120.33333333333333
130.66666666666666,120.33333333333333,130.66666666666666,120.33333333333333
131.0,120.33333333333333,131.0,120.33333333333333
131.33333333333334,120.33333333333333,131.33333333333334,120.33333333333333
131.66666666666666,120.33333333333333,131.66666666666666,120.33333333333333
132.0,120.33333333333333,132.0,120.33333333333333
132.33333333333334,120.33333333333333,132.33333333333334,120.33333333333333
132.66666666666666,120.33333333333333,132.66666666666666,120.33333333333333
133.0,120.33333333333333,133.0,120.33333333333333
133.33333333333334,120.33333333333333,133.33333333333334,120.33333333333333
133.66666666666666,120.33333333333333,133.66666666666666,120.33333333333333
134.0,120.33333333333333,134.0,120.33333333333333
134.33333333333334,120.33333333333333,134.33333333333334,120.33333333333333
134.66666666666666,120.33333333333333,134.66666666666666,120.33333333333333
135.0,120.33333333333333,135.0,120.33333333333333
112.33333333333333,120.66666666666667,112.33333333333333,120.66666666666667
112.66666666666667,120.66666666666667,112.66666666666667,120.66666666666667
113.0,120.66666666666667,113.0,120.66666666666667
113.33333333333333,120.66666666666667,113.33333333333333,120.66666666666667
113.66666666666667,120.66666666666667,113.66666666666667,120.66666666666667
114.0,120.66666666666667,114.0,120.66666666666667
114.33333333333333,120.66666666666667,114.33333333333333,120.66666666666667
114.66666666666667,120.66666666666667,114.66666666666667,120.66666666666667
115.0,120.66666666666667,115.0,120.66666666666667
115.33333333333333,120.66666666666667,115.33333333333333,120.66666666666667
115.66666666666667,120.66666666666667,115.66666666666667,120.66666666666667
116.0,120.66666666666667,116.0,120.66666666666667
116.33333333333333,120.66666666666667,116.33333333333333,120.66666666666667
116.66666666666667,120.66666666666667,116.66666666666667,120.66666666666667
117.0,120.66666666666667,117.0,120.66666666666667
117.33333333333333,120.66666666666667,117.33333333333333,120.66666666666667
117.66666666666667,120.66666666666667,117.66666666666667,120.66666666666667
118.0,120.66666666666667,118.0,120.66666666666667
118.33333333333333,120.66666666666667,118.33333333333333,120.66666666666667
118.66666666666667,120.66666666666667,118.66666666666667,120.66666666666667
119.0,120.66666666666667,119.0,120.66666666666667
119.33333333333333,120.66666666666667,119.33333333333333,120.66666666666667
119.66666666666667,120.66666666666667,119.66666666666667,120.66666666666667
120.0,120.66666666666667,120.0,120.66666666666667
120.33333333333333,120.66666666666667,120.33333333333333,120.66666666666667
120.66666666666667,120.66666666666667,120.66666666666667,120.66666666666667
121.0,120.66666666666667,121.0,120.66666666666667
121.33333333333333,120.66666666666667,121.33333333333333,120.66666666666667
121.66666666666667,120.66666666666667,121.66666666666667,120.66666666666667
122.0,120.66666666666667,122.0,120.66666666666667
122.33333333333333,120.66666666666667,122.33333333333333,120.66666666666667
122.66666666666667,120.66666666666667,122.66666666666667,120.66666666666667
123.0,120.66666666666667,123.0,120.66666666666667
123.33333333333333,120.66666666666667,123.33333333333333,120.66666666666667
123.66666666666667,120.66666666666667,123.66666666666667,120.66666666666667
124.0,120.66666666666667,124.0,120.66666666666667
124.33333333333333,120.66666666666667,124.33333333333333,120.66666666666667
124.66666666666667,120.66666666666667,124.66666666666667,120.66666666666667
125.0,120.66666666666667,125.0,120.66666666666667
125.33333333333333,120.66666666666667,125.33333333333333,120.66666666666667
125.66666666666667,120.66666666666667,125.66666666666667,120.66666666666667
126.0,120.66666666666667,126.0,120.66666666666667
126.33333333333333,120.66666666666667,126.33333333333333,120.66666666666667
126.66666666666667,120.66666666666667,126.66666666666667,120.66666666666667
127.0,120.66666666666667,127.0,120.66666666666667
127.33333333333333,120.66666666666667,127.33333333333333,120.66666666666667
127.66666666666667,120.66666666666667,127.66666666666667,120.66666666666667
128.0,120.66666666666667,128.0,120.66666666666667
128.33333333333334,120.66666666666667,128.33333333333334,120.66666666666667
128.66666666666666,120.66666666666667,128.66666666666666,120.66666666666667
129.0,120.66666666666667,129.0,120.66666666666667
129.33333333333334,120.66666666666667,129.33333333333334,120.66666666666667
129.66666666666666,120.66666666666667,129.66666666666666,120.66666666666667
130.0,120.66666666666667,130.0,120.66666666666667
130.33333333333334,120.66666666666667,130.33333333333334,120.66666666666667
130.66666666666666,120.66666666666667,130.66666666666666,120.66666666666667
131.0,120.66666666666667,131.0,120.66666666666667
131.33333333333334,120.66666666666667,131.33333333333334,120.66666666666667
131.66666666666666,120.66666666666667,131.66666666666666,120.66666666666667
132.0,120.66666666666667,132.0,120.66666666666667
132.33333333333334,120.66666666666667,132.33333333333334,120.66666666666667
132.66666666666666,120.66666666666667,132.66666666666666,120.66666666666667
133.0,120.66666666666667,133.0,120.66666666666667
133.33333333333334,120.66666666666667,133.33333333333334,120.66666666666667
133.66666666666666,120.66666666666667,133.66666666666666,120.66666666666667
134.0,120.66666666666667,134.0,120.66666666666667
134.33333333333334,120.66666666666667,134.33333333333334,120.66666666666667
134.66666666666666,120.66666666666667,134.66666666666666,120.66666666666667
135.0,120.66666666666667,135.0,120.66666666666667
112.33333333333333,121.0,112.33333333333333,121.0
112.66666666666667,121.0,112.66666666666667,121.0
113.0,121.0,113.0,121.0
113.33333333333333,121.0,113.33333333333333,121.0
113.66666666666667,121.0,113.66666666666667,121.0
114.0,121.0,114.0,121.0
114.33333333333333,121.0,114.33333333333333,121.0
114.66666666666667,121.0,114.66666666666667,121.0
115.0,121.0,115.0,121.0
115.33333333333333,121.0,115.33333333333333,121.0
115.66666666666667,121.0,115.66666666666667,121.0
116.0,121.0,116.0,121.0
116.33333333333333,121.0,116.33333333333333,121.0
116.66666666666667,121.0,116.66666666666667,121.0
117.0,121.0,117.0,121.0
117.33333333333333,121.0,117.33333333333333,121.0
117.66666666666667,121.0,117.66666666666667,121.0
118.0,121.0,118.0,121.0
118.33333333333333,121.0,118.33333333333333,121.0
118.66666666666667,121.0,118.66666666666667,121.0
119.0,121.0,119.0,121.0
119.33333333333333,121.0,119.33333333333333,121.0
119.66666666666667,121.0,119.66666666666667,121.0
120.0,121.0,120.0,121.0
120.33333333333333,121.0,120.33333333333333,121.0
120.66666666666667,121.0,120.66666666666667,121.0
121.0,121.0,121.0,121.0
121.33333333333333,121.0,121.33333333333333,121.0
121.66666666666667,121.0,121.66666666666667,121.0
122.0,121.0,122.0,121.0
122.33333333333333,121.0,122.33333333333333,121.0
122.66666666666667,121.0,122.66666666666667,121.0
123.0,121.0,123.0,121.0
123.33333333333333,121.0,123.33333333333333,121.0
123.66666666666667,121.0,123.66666666666667,121.0
124.0,121.0,124.0,121.0
124.33333333333333,121.0,124.33333333333333,121.0
124.66666666666667,121.0,124.66666666666667,121.0
125.0,121.0,125.0,121.0
125.33333333333333,121.0,125.33333333333333,121.0
125.66666666666667,121.0,125.66666666666667,121.0
126.0,121.0,126.0,121.0
126.33333333333333,121.0,126.33333333333333,121.0
126.66666666666667,121.0,126.66666666666667,121.0
127.0,121.0,127.0,121.0
127.33333333333333,121.0,127.33333333333333,121.0
127.66666666666667,121.0,127.66666666666667,121.0
128.0,121.0,128.0,121.0
128.33333333333334,121.0,128.33333333333334,121.0
128.66666666666666,121.0,128.66666666666666,121.0
129.0,121.0,129.0,121.0
129.33333333333334,121.0,129.33333333333334,121.0
129.66666666666666,121.0,129.66666666666666,121.0
130.0,121.0,130.0,121.0
130.33333333333334,121.0,130.33333333333334,121.0
130.66666666666666,121.0,130.66666666666666,121.0
131.0,121.0,131.0,121.0
131.33333333333334,121.0,131.33333333333334,121.0
131.66666666666666,121.0,131.66666666666666,121.0
132.0,121.0,132.0,121.0
132.33333333333334,121.0,132.33333333333334,121.0
132.66666666666666,121.0,132.66666666666666,121.0
133.0,121.0,133.0,121.0
133.33333333333334,121.0,133.33333333333334,121.0
133.66666666666666,121.0,133.66666666666666,121.0
134.0,121.0,134.0,121.0
134.33333333333334,121.0,134.33333333333334,121.0
134.66666666666666,121.0,134.66666666666666,121.0
135.0,121.0,135.0,121.0
112.33333333333333,121.33333333333333,112.33333333333333,121.33333333333333
112.66666666666667,121.33333333333333,112.66666666666667,121.33333333333333
113.0,121.33333333333333,113.0,121.33333333333333
113.33333333333333,121.33333333333333,113.33333333333333,121.33333333333333
113.66666666666667,121.33333333333333,113.66666666666667,121.33333333333333
114.0,121.33333333333333,114.0,121.33333333333333
114.33333333333333,121.33333333333333,114.33333333333333,121.33333333333333
114.66666666666667,121.33333333333333,114.66666666666667,121.33333333333333
115.0,121.33333333333333,115.0,121.33333333333333
115.33333333333333,121.33333333333333,115.33333333333333,121.33333333333333
115.66666666666667,121.33333333333333,115.66666666666667,121.33333333333333
116.0,121.33333333333333,116.0,121.33333333333333
116.33333333333333,121.33333333333333,116.33333333333333,121.33333333333333
116.66666666666667,121.33333333333333,116.66666666666667,121.33333333333333
117.0,121.33333333333333,117.0,121.33333333333333
117.33333333333333,121.33333333333333,117.33333333333333,121.33333333333333
117.66666666666667,121.33333333333333,117.66666666666667,121.33333333333333
118.0,121.33333333333333,118.0,121.33333333333333
118.33333333333333,121.33333333333333,118.33333333333333,121.33333333333333
118.66666666666667,121.33333333333333,118.66666666666667,121.33333333333333
119.0,121.33333333333333,119.0,121.33333333333333
119.33333333333333,121.33333333333333,119.33333333333333,121.33333333333333
119.66666666666667,121.33333333333333,119.66666666666667,121.33333333333333
120.0,121.33333333333333,120.0,121.33333333333333
120.33333333333333,121.33333333333333,120.33333333333333,121.33333333333333
120.66666666666667,121.33333333333333,120.66666666666667,121.33333333333333
121.0,121.33333333333333,121.0,121.33333333333333
121.33333333333333,121.33333333333333,121.33333333333333,121.33333333333333
121.66666666666667,121.33333333333333,121.66666666666667,121.33333333333333
122.0,121.33333333333333,122.0,121.33333333333333
122.33333333333333,121.33333333333333,122.33333333333333,121.33333333333333
122.66666666666667,121.33333333333333,122.66666666666667,121.33333333333333
123.0,121.33333333333333,123.0,121.33333333333333
123.33333333333333,121.33333333333333,123.33333333333333,121.33333333333333
123.66666666666667,121.33333333333333,123.66666666666667,121.33333333333333
124.0,121.33333333333333,124.0,121.33333333333333
124.33333333333333,121.33333333333333,124.33333333333333,121.33333333333333
124.66666666666667,121.33333333333333,124.66666666666667,121.33333333333333
125.0,121.33333333333333,125.0,121.33333333333333
125.33333333333333,121.33333333333333,125.33333333333333,121.33333333333333
125.66666666666667,121.33333333333333,125.66666666666667,121.33333333333333
126.0,121.33333333333333,126.0,121.33333333333333
126.33333333333333,121.33333333333333,126.33333333333333,121.33333333333333
126.66666666666667,121.33333333333333,126.66666666666667,121.33333333333333
127.0,121.33333333333333,127.0,121.33333333333333
127.33333333333333,121.33333333333333,127.33333333333333,121.33333333333333
127.66666666666667,121.33333333333333,127.66666666666667,121.33333333333333
128.0,121.33333333333333,128.0,121.33333333333333
128.33333333333334,121.33333333333333,128.33333333333334,121.33333333333333
128.66666666666666,121.33333333333333,128.66666666666666,121.33333333333333
129.0,121.33333333333333,129.0,121.33333333333333
129.33333333333334,121.33333333333333,129.33333333333334,121.33333333333333
129.66666666666666,121.33333333333333,129.66666666666666,121.33333333333333
130.0,121.33333333333333,130.0,121.33333333333333
130.33333333333334,121.33333333333333,130.33333333333334,121.33333333333333
130.66666666666666,121.33333333333333,130.66666666666666,121.33333333333333
131.0,121.33333333333333,131.0,121.33333333333333
131.33333333333334,121.33333333333333,131.33333333333334,121.33333333333333
131.66666666666666,121.33333333333333,131.66666666666666,121.33333333333333
132.0,121.33333333333333,132.0,121.33333333333333
132.33333333333334,121.33333333333333,132.33333333333334,121.33333333333333
132.66666666666666,121.33333333333333,132.66666666666666,121.33333333333333
133.0,121.33333333333333,133.0,121.33333333333333
133.33333333333334,121.33333333333333,133.33333333333334,121.33333333333333
133.66666666666666,121.33333333333333,133.66666666666666,121.33333333333333
134.0,121.33333333333333,134.0,121.33333333333333
134.33333333333334,121.33333333333333,134.33333333333334,121.33333333333333
134.66666666666666,121.33333333333333,134.66666666666666,121.33333333333333
135.0,121.33333333333333,135.0,121.33333333333333
112.33333333333333,121.66666666666667,112.33333333333333,121.66666666666667
112.66666666666667,121.66666666666667,112.66666666666667,121.66666666666667
113.0,121.66666666666667,113.0,121.66666666666667
113.33333333333333,121.66666666666667,113.33333333333333,121.66666666666667
113.66666666666667,121.66666666666667,113.66666666666667,121.66666666666667
114.0,121.66666666666667,114.0,121.66666666666667
114.33333333333333,121.66666666666667,114.33333333333333,121.66666666666667
114.66666666666667,121.66666666666667,114.66666666666667,121.66666666666667
115.0,121.66666666666667,115.0,121.66666666666667
115.33333333333333,121.66666666666667,115.33333333333333,121.66666666666667
115.66666666666667,121.66666666666667,115.66666666666667,121.66666666666667
116.0,121.66666666666667,116.0,121.66666666666667
116.33333333333333,121.66666666666667,116.33333333333333,121.66666666666667
116.66666666666667,121.66666666666667,116.66666666666667,121.66666666666667
117.0,121.66666666666667,117.0,121.66666666666667
117.33333333333333,121.66666666666667,117.33333333333333,121.66666666666667
117.66666666666667,121.66666666666667,117.66666666666667,121.66666666666667
118.0,121.66666666666667,118.0,121.66666666666667
118.33333333333333,121.66666666666667,118.33333333333333,121.66666666666667
118.66666666666667,121.66666666666667,118.66666666666667,121.66666666666667
119.0,121.66666666666667,119.0,121.66666666666667
119.33333333333333,121.66666666666667,119.33333333333333,121.66666666666667
119.66666666666667,121.66666666666667,119.66666666666667,121.66666666666667
120.0,121.66666666666667,120.0,121.66666666666667
120.33333333333333,121.66666666666667,120.33333333333333,121.66666666666667
120.66666666666667,121.66666666666667,120.66666666666667,121.66666666666667
121.0,121.66666666666667,121.0,121.66666666666667
121.33333333333333,121.66666666666667,121.33333333333333,121.66666666666667
121.66666666666667,121.66666666666667,121.66666666666667,121.66666666666667
122.0,121.66666666666667,122.0,121.66666666666667
122.33333333333333,121.66666666666667,122.33333333333333,121.66666666666667
122.66666666666667,121.66666666666667,122.66666666666667,121.66666666666667
123.0,121.66666666666667,123.0,121.66666666666667
123.33333333333333,121.66666666666667,123.33333333333333,121.66666666666667
123.66666666666667,121.66666666666667,123.66666666666667,121.66666666666667
124.0,121.66666666666667,124.0,121.66666666666667
124.33333333333333,121.66666666666667,124.33333333333333,121.66666666666667
124.66666666666667,121.66666666666667,124.66666666666667,121.66666666666667
125.0,121.66666666666667,125.0,121.66666666666667
125.33333333333333,121.66666666666667,125.33333333333333,121.66666666666667
125.66666666666667,121.66666666666667,125.66666666666667,121.66666666666667
126.0,121.66666666666667,126.0,121.66666666666667
126.33333333333333,121.66666666666667,126.33333333333333,121.66666666666667
126.66666666666667,121.66666666666667,126.66666666666667,121.66666666666667
127.0,121.66666666666667,127.0,121.66666666666667
127.33333333333333,121.66666666666667,127.33333333333333,121.66666666666667
127.66666666666667,121.66666666666667,127.66666666666667,121.66666666666667
128.0,121.66666666666667,128.0,121.66666666666667
128.33333333333334,121.66666666666667,128.33333333333334,121.66666666666667
128.66666666666666,121.66666666666667,128.66666666666666,121.66666666666667
129.0,121.66666666666667,129.0,121.66666666666667
129.33333333333334,121.66666666666667,129.33333333333334,121.66666666666667
129.66666666666666,121.66666666666667,129.66666666666666,121.66666666666667
130.0,121.66666666666667,130.0,121.66666666666667
130.33333333333334,121.66666666666667,130.33333333333334,121.66666666666667
130.66666666666666,121.66666666666667,130.66666666666666,121.66666666666667
131.0,121.66666666666667,131.0,121.66666666666667
131.33333333333334,121.66666666666667,131.33333333333334,121.66666666666667
131.66666666666666,121.66666666666667,131.66666666666666,121.66666666666667
132.0,121.66666666666667,132.0,121.66666666666667
132.33333333333334,121.66666666666667,132.33333333333334,121.66666666666667
132.66666666666666,121.66666666666667,132.66666666666666,121.66666666666667
133.0,121.66666666666667,133.0,121.66666666666667
133.33333333333334,121.66666666666667,133.33333333333334,121.66666666666667
133.66666666666666,121.66666666666667,133.66666666666666,121.66666666666667
134.0,121.66666666666667,134.0,121.66666666666667
134.33333333333334,121.66666666666667,134.33333333333334,121.66666666666667
134.66666666666666,121.66666666666667,134.66666666666666,121.66666666666667
112.33333333333333,122.0,112.33333333333333,122.0
112.66666666666667,122.0,112.66666666666667,122.0
113.0,122.0,113.0,122.0
113.33333333333333,122.0,113.33333333333333,122.0
113.66666666666667,122.0,113.66666666666667,122.0
114.0,122.0,114.0,122.0
114.33333333333333,122.0,114.33333333333333,122.0
114.66666666666667,122.0,114.66666666666667,122.0
115.0,122.0,115.0,122.0
115.33333333333333,122.0,115.33333333333333,122.0
115.66666666666667,122.0,115.66666666666667,122.0
116.0,122.0,116.0,122.0
116.33333333333333,122.0,116.33333333333333,122.0
116.66666666666667,122.0,116.66666666666667,122.0
117.0,122.0,117.0,122.0
117.33333333333333,122.0,117.33333333333333,122.0
117.66666666666667,122.0,117.66666666666667,122.0
118.0,122.0,118.0,122.0
118.33333333333333,122.0,118.33333333333333,122.0
118.66666666666667,122.0,118.66666666666667,122.0
119.0,122.0,119.0,122.0
119.33333333333333,122.0,119.33333333333333,122.0
119.66666666666667,122.0,119.66666666666667,122.0
120.0,122.0,120.0,122.0
120.33333333333333,122.0,120.33333333333333,122.0
120.66666666666667,122.0,120.66666666666667,122.0
121.0,122.0,121.0,122.0
121.33333333333333,122.0,121.33333333333333,122.0
121.66666666666667,122.0,121.66666666666667,122.0
122.0,122.0,122.0,122.0
122.33333333333333,122.0,122.33333333333333,122.0
122.66666666666667,122.0,122.66666666666667,122.0
123.0,122.0,123.0,122.0
123.33333333333333,122.0,123.33333333333333,122.0
123.66666666666667,122.0,123.66666666666667,122.0
124.0,122.0,124.0,122.0
124.33333333333333,122.0,124.33333333333333,122.0
124.66666666666667,122.0,124.66666666666667,122.0
125.0,122.0,125.0,122.0
125.33333333333333,122.0,125.33333333333333,122.0
125.66666666666667,122.0,125.66666666666667,122.0
126.0,122.0,126.0,122.0
126.33333333333333,122.0,126.33333333333333,122.0
126.66666666666667,122.0,126.66666666666667,122.0
127.0,122.0,127.0,122.0
127.33333333333333,122.0,127.33333333333333,122.0
127.66666666666667,122.0,127.66666666666667,122.0
128.0,122.0,128.0,122.0
128.33333333333334,122.0,128.33333333333334,122.0
128.66666666666666,122.0,128.66666666666666,122.0
129.0,122.0,129.0,122.0
129.33333333333334,122.0,129.33333333333334,122.0
129.66666666666666,122.0,129.66666666666666,122.0
130.0,122.0,130.0,122.0
130.33333333333334,122.0,130.33333333333334,122.0
130.66666666666666,122.0,130.66666666666666,122.0
131.0,122.0,131.0,122.0
131.33333333333334,122.0,131.33333333333334,122.0
131.66666666666666,122.0,131.66666666666666,122.0
132.0,122.0,132.0,122.0
132.33333333333334,122.0,132.33333333333334,122.0
132.66666666666666,122.0,132.66666666666666,122.0
133.0,122.0,133.0,122.0
133.33333333333334,122.0,133.33333333333334,122.0
133.66666666666666,122.0,133.66666666666666,122.0
134.0,122.0,134.0,122.0
134.33333333333334,122.0,134.33333333333334,122.0
112.0,122.33333333333333,112.0,122.33333333333333
112.33333333333333,122.33333333333333,112.33333333333333,122.33333333333333
112.66666666666667,122.33333333333333,112.66666666666667,122.33333333333333
113.0,122.33333333333333,113.0,122.33333333333333
113.33333333333333,122.33333333333333,113.33333333333333,122.33333333333333
113.66666666666667,122.33333333333333,113.66666666666667,122.33333333333333
114.0,122.33333333333333,114.0,122.33333333333333
114.33333333333333,122.33333333333333,114.33333333333333,122.33333333333333
114.66666666666667,122.33333333333333,114.66666666666667,122.33333333333333
115.0,122.33333333333333,115.0,122.33333333333333
115.33333333333333,122.33333333333333,115.33333333333333,122.33333333333333
115.66666666666667,122.33333333333333,115.66666666666667,122.33333333333333
116.0,122.33333333333333,116.0,122.33333333333333
116.33333333333333,122.33333333333333,116.33333333333333,122.33333333333333
116.66666666666667,122.33333333333333,116.66666666666667,122.33333333333333
117.0,122.33333333333333,117.0,122.33333333333333
117.33333333333333,122.33333333333333,117.33333333333333,122.33333333333333
117.66666666666667,122.33333333333333,117.66666666666667,122.33333333333333
118.0,122.33333333333333,118.0,122.33333333333333
118.33333333333333,122.33333333333333,118.33333333333333,122.33333333333333
118.66666666666667,122.33333333333333,118.66666666666667,122.33333333333333
119.0,122.33333333333333,119.0,122.33333333333333
119.33333333333333,122.33333333333333,119.33333333333333,122.33333333333333
119.66666666666667,122.33333333333333,119.66666666666667,122.33333333333333
120.0,122.33333333333333,120.0,122.33333333333333
120.33333333333333,122.33333333333333,120.33333333333333,122.33333333333333
120.66666666666667,122.33333333333333,120.66666666666667,122.33333333333333
121.0,122.33333333333333,121.0,122.33333333333333
121.33333333333333,122.33333333333333,121.33333333333333,122.33333333333333
121.66666666666667,122.33333333333333,121.66666666666667,122.33333333333333
122.0,122.33333333333333,122.0,122.33333333333333
122.33333333333333,122.33333333333333,122.33333333333333,122.33333333333333
122.66666666666667,122.33333333333333,122.66666666666667,122.33333333333333
123.0,122.33333333333333,123.0,122.33333333333333
123.33333333333333,122.33333333333333,123.33333333333333,122.33333333333333
123.66666666666667,122.33333333333333,123.66666666666667,122.33333333333333
124.0,122.33333333333333,124.0,122.33333333333333
124.33333333333333,122.33333333333333,124.33333333333333,122.33333333333333
124.66666666666667,122.33333333333333,124.66666666666667,122.33333333333333
125.0,122.33333333333333,125.0,122.33333333333333
125.33333333333333,122.33333333333333,125.33333333333333,122.33333333333333
125.66666666666667,122.33333333333333,125.66666666666667,122.33333333333333
126.0,122.33333333333333,126.0,122.33333333333333
126.33333333333333,122.33333333333333,126.33333333333333,122.33333333333333
126.66666666666667,122.33333333333333,126.66666666666667,122.33333333333333
127.0,122.33333333333333,127.0,122.33333333333333
127.33333333333333,122.33333333333333,127.33333333333333,122.33333333333333
127.66666666666667,122.33333333333333,127.66666666666667,122.33333333333333
128.0,122.33333333333333,128.0,122.33333333333333
128.33333333333334,122.33333333333333,128.33333333333334,122.33333333333333
128.66666666666666,122.33333333333333,128.66666666666666,122.33333333333333
129.0,122.33333333333333,129.0,122.33333333333333
129.33333333333334,122.33333333333333,129.33333333333334,122.33333333333333
129.66666666666666,122.33333333333333,129.66666666666666,122.33333333333333
130.0,122.33333333333333,130.0,122.33333333333333
130.33333333333334,122.33333333333333,130.33333333333334,122.33333333333333
130.66666666666666,122.33333333333333,130.66666666666666,122.33333333333333
131.0,122.33333333333333,131.0,122.33333333333333
131.33333333333334,122.33333333333333,131.33333333333334,122.33333333333333
131.66666666666666,122.33333333333333,131.66666666666666,122.33333333333333
132.0,122.33333333333333,132.0,122.33333333333333
132.33333333333334,122.33333333333333,132.33333333333334,122.33333333333333
132.66666666666666,122.33333333333333,132.66666666666666,122.33333333333333
133.0,122.33333333333333,133.0,122.33333333333333
133.33333333333334,122.33333333333333,133.33333333333334,122.33333333333333
133.66666666666666,122.33333333333333,133.66666666666666,122.33333333333333
134.0,122.33333333333333,134.0,122.33333333333333
134.33333333333334,122.33333333333333,134.33333333333334,122.33333333333333
112.0,122.66666666666667,112.0,122.66666666666667
112.33333333333333,122.66666666666667,112.33333333333333,122.66666666666667
112.66666666666667,122.66666666666667,112.66666666666667,122.66666666666667
113.0,122.66666666666667,113.0,122.66666666666667
113.33333333333333,122.66666666666667,113.33333333333333,122.66666666666667
113.66666666666667,122.66666666666667,113.66666666666667,122.66666666666667
114.0,122.66666666666667,114.0,122.66666666666667
114.33333333333333,122.66666666666667,114.33333333333333,122.66666666666667
114.66666666666667,122.66666666666667,114.66666666666667,122.66666666666667
115.0,122.66666666666667,115.0,122.66666666666667
115.33333333333333,122.66666666666667,115.33333333333333,122.66666666666667
115.66666666666667,122.66666666666667,115.66666666666667,122.66666666666667
116.0,122.66666666666667,116.0,122.66666666666667
116.33333333333333,122.66666666666667,116.33333333333333,122.66666666666667
116.66666666666667,122.66666666666667,116.66666666666667,122.66666666666667
117.0,122.66666666666667,117.0,122.66666666666667
117.33333333333333,122.66666666666667,117.33333333333333,122.66666666666667
117.66666666666667,122.66666666666667,117.66666666666667,122.66666666666667
118.0,122.66666666666667,118.0,122.66666666666667
118.33333333333333,122.66666666666667,118.33333333333333,122.66666666666667
118.66666666666667,122.66666666666667,118.66666666666667,122.66666666666667
119.0,122.66666666666667,119.0,122.66666666666667
119.33333333333333,122.66666666666667,119.33333333333333,122.66666666666667
119.66666666666667,122.66666666666667,119.66666666666667,122.66666666666667
120.0,122.66666666666667,120.0,122.66666666666667
120.33333333333333,122.66666666666667,120.33333333333333,122.66666666666667
120.66666666666667,122.66666666666667,120.66666666666667,122.66666666666667
121.0,122.66666666666667,121.0,122.66666666666667
121.33333333333333,122.66666666666667,121.33333333333333,122.66666666666667
121.66666666666667,122.66666666666667,121.66666666666667,122.66666666666667
122.0,122.66666666666667,122.0,122.66666666666667
122.33333333333333,122.66666666666667,122.33333333333333,122.66666666666667
122.66666666666667,122.66666666666667,122.66666666666667,122.66666666666667
123.0,122.66666666666667,123.0,122.66666666666667
123.33333333333333,122.66666666666667,123.33333333333333,122.66666666666667
123.66666666666667,122.66666666666667,123.66666666666667,122.66666666666667
124.0,122.66666666666667,124.0,122.66666666666667
124.33333333333333,122.66666666666667,124.33333333333333,122.66666666666667
124.66666666666667,122.66666666666667,124.66666666666667,122.66666666666667
125.0,122.66666666666667,125.0,122.66666666666667
125.33333333333333,122.66666666666667,125.33333333333333,122.66666666666667
125.66666666666667,122.66666666666667,125.66666666666667,122.66666666666667
126.0,122.66666666666667,126.0,122.66666666666667
126.33333333333333,122.66666666666667,126.33333333333333,122.66666666666667
126.66666666666667,122.66666666666667,126.66666666666667,122.66666666666667
127.0,122.66666666666667,127.0,122.66666666666667
127.33333333333333,122.66666666666667,127.33333333333333,122.66666666666667
127.66666666666667,122.66666666666667,127.66666666666667,122.66666666666667
128.0,122.66666666666667,128.0,122.66666666666667
128.33333333333334,122.66666666666667,128.33333333333334,122.66666666666667
128.66666666666666,122.66666666666667,128.66666666666666,122.66666666666667
129.0,122.66666666666667,129.0,122.66666666666667
129.33333333333334,122.66666666666667,129.33333333333334,122.66666666666667
129.66666666666666,122.66666666666667,129.66666666666666,122.66666666666667
130.0,122.66666666666667,130.0,122.66666666666667
130.33333333333334,122.66666666666667,130.33333333333334,122.66666666666667
130.66666666666666,122.66666666666667,130.66666666666666,122.66666666666667
131.0,122.66666666666667,131.0,122.66666666666667
131.33333333333334,122.66666666666667,131.33333333333334,122.66666666666667
131.66666666666666,122.66666666666667,131.66666666666666,122.66666666666667
132.0,122.66666666666667,132.0,122.66666666666667
132.33333333333334,122.66666666666667,132.33333333333334,122.66666666666667
132.66666666666666,122.66666666666667,132.66666666666666,122.66666666666667
133.0,122.66666666666667,133.0,122.66666666666667
133.33333333333334,122.66666666666667,133.33333333333334,122.66666666666667
133.66666666666666,122.66666666666667,133.66666666666666,122.66666666666667
134.0,122.66666666666667,134.0,122.66666666666667
134.33333333333334,122.66666666666667,134.33333333333334,122.66666666666667
112.0,123.0,112.0,123.0
112.33333333333333,123.0,112.33333333333333,123.0
112.66666666666667,123.0,112.66666666666667,123.0
113.0,123.0,113.0,123.0
113.33333333333333,123.0,113.33333333333333,123.0
113.66666666666667,123.0,113.66666666666667,123.0
114.0,123.0,114.0,123.0
114.33333333333333,123.0,114.33333333333333,123.0
114.66666666666667,123.0,114.66666666666667,123.0
115.0,123.0,115.0,123.0
115.33333333333333,123.0,115.33333333333333,123.0
115.66666666666667,123.0,115.66666666666667,123.0
116.0,123.0,116.0,123.0
116.33333333333333,123.0,116.33333333333333,123.0
116.66666666666667,123.0,116.66666666666667,123.0
117.0,123.0,117.0,123.0
117.33333333333333,123.0,117.33333333333333,123.0
117.66666666666667,123.0,117.66666666666667,123.0
118.0,123.0,118.0,123.0
118.33333333333333,123.0,118.33333333333333,123.0
118.66666666666667,123.0,118.66666666666667,123.0
119.0,123.0,119.0,123.0
119.33333333333333,123.0,119.33333333333333,123.0
119.66666666666667,123.0,119.66666666666667,123.0
120.0,123.0,120.0,123.0
120.33333333333333,123.0,120.33333333333333,123.0
120.66666666666667,123.0,120.66666666666667,123.0
121.0,123.0,121.0,123.0
121.33333333333333,123.0,121.33333333333333,123.0
121.66666666666667,123.0,121.66666666666667,123.0
122.0,123.0,122.0,123.0
122.33333333333333,123.0,122.33333333333333,123.0
122.66666666666667,123.0,122.66666666666667,123.0
123.0,123.0,123.0,123.0
123.33333333333333,123.0,123.33333333333333,123.0
123.66666666666667,123.0,123.66666666666667,123.0
124.0,123.0,124.0,123.0
124.33333333333333,123.0,124.33333333333333,123.0
124.66666666666667,123.0,124.66666666666667,123.0
125.0,123.0,125.0,123.0
125.33333333333333,123.0,125.33333333333333,123.0
125.66666666666667,123.0,125.66666666666667,123.0
126.0,123.0,126.0,123.0
126.33333333333333,123.0,126.33333333333333,123.0
126.66666666666667,123.0,126.66666666666667,123.0
127.0,123.0,127.0,123.0
127.33333333333333,123.0,127.33333333333333,123.0
127.66666666666667,123.0,127.66666666666667,123.0
128.0,123.0,128.0,123.0
128.33333333333334,123.0,128.33333333333334,123.0
128.66666666666666,123.0,128.66666666666666,123.0
129.0,123.0,129.0,123.0
129.33333333333334,123.0,129.33333333333334,123.0
129.66666666666666,123.0,129.66666666666666,123.0
130.0,123.0,130.0,123.0
130.33333333333334,123.0,130.33333333333334,123.0
130.66666666666666,123.0,130.66666666666666,123.0
131.0,123.0,131.0,123.0
131.33333333333334,123.0,131.33333333333334,123.0
131.66666666666666,123.0,131.66666666666666,123.0
132.0,123.0,132.0,123.0
132.33333333333334,123.0,132.33333333333334,123.0
132.66666666666666,123.0,132.66666666666666,123.0
133.0,123.0,133.0,123.0
133.33333333333334,123.0,133.33333333333334,123.0
133.66666666666666,123.0,133.66666666666666,123.0
134.0,123.0,134.0,123.0
134.33333333333334,123.0,134.33333333333334,123.0
112.0,123.33333333333333,112.0,123.33333333333333
112.33333333333333,123.33333333333333,112.33333333333333,123.33333333333333
112.66666666666667,123.33333333333333,112.66666666666667,123.33333333333333
113.0,123.33333333333333,113.0,123.33333333333333
113.33333333333333,123.33333333333333,113.33333333333333,123.33333333333333
113.66666666666667,123.33333333333333,113.66666666666667,123.33333333333333
114.0,123.33333333333333,114.0,123.33333333333333
114.33333333333333,123.33333333333333,114.33333333333333,123.33333333333333
114.66666666666667,123.33333333333333,114.66666666666667,123.33333333333333
115.0,123.33333333333333,115.0,123.33333333333333
115.33333333333333,123.33333333333333,115.33333333333333,123.33333333333333
115.66666666666667,123.33333333333333,115.66666666666667,123.33333333333333
116.0,123.33333333333333,116.0,123.33333333333333
116.33333333333333,123.33333333333333,116.33333333333333,123.33333333333333
116.66666666666667,123.33333333333333,116.66666666666667,123.33333333333333
117.0,123.33333333333333,117.0,123.33333333333333
117.33333333333333,123.33333333333333,117.33333333333333,123.33333333333333
117.66666666666667,123.33333333333333,117.66666666666667,123.33333333333333
118.0,123.33333333333333,118.0,123.33333333333333
118.33333333333333,123.33333333333333,118.33333333333333,123.33333333333333
118.66666666666667,123.33333333333333,118.66666666666667,123.33333333333333
119.0,123.33333333333333,119.0,123.33333333333333
119.33333333333333,123.33333333333333,119.33333333333333,123.33333333333333
119.66666666666667,123.33333333333333,119.66666666666667,123.33333333333333
120.0,123.33333333333333,120.0,123.33333333333333
120.33333333333333,123.33333333333333,120.33333333333333,123.33333333333333
120.66666666666667,123.33333333333333,120.66666666666667,123.33333333333333
121.0,123.33333333333333,121.0,123.33333333333333
121.33333333333333,123.33333333333333,121.33333333333333,123.33333333333333
121.66666666666667,123.33333333333333,121.66666666666667,123.33333333333333
122.0,123.33333333333333,122.0,123.33333333333333
122.33333333333333,123.33333333333333,122.33333333333333,123.33333333333333
122.66666666666667,123.33333333333333,122.66666666666667,123.33333333333333
123.0,123.33333333333333,123.0,123.33333333333333
123.33333333333333,123.33333333333333,123.33333333333333,123.33333333333333
123.66666666666667,123.33333333333333,123.66666666666667,123.33333333333333
124.0,123.33333333333333,124.0,123.33333333333333
124.33333333333333,123.33333333333333,124.33333333333333,123.33333333333333
124.66666666666667,123.33333333333333,124.66666666666667,123.33333333333333
125.0,123.33333333333333,125.0,123.33333333333333
125.33333333333333,123.33333333333333,125.33333333333333,123.33333333333333
125.66666666666667,123.33333333333333,125.66666666666667,123.33333333333333
126.0,123.33333333333333,126.0,123.33333333333333
126.33333333333333,123.33333333333333,126.33333333333333,123.33333333333333
126.66666666666667,123.33333333333333,126.66666666666667,123.33333333333333
127.0,123.33333333333333,127.0,123.33333333333333
127.33333333333333,123.33333333333333,127.33333333333333,123.33333333333333
127.66666666666667,123.33333333333333,127.66666666666667,123.33333333333333
128.0,123.33333333333333,128.0,123.33333333333333
128.33333333333334,123.33333333333333,128.33333333333334,123.33333333333333
128.66666666666666,123.33333333333333,128.66666666666666,123.33333333333333
129.0,123.33333333333333,129.0,123.33333333333333
129.33333333333334,123.33333333333333,129.33333333333334,123.33333333333333
129.66666666666666,123.33333333333333,129.66666666666666,123.33333333333333
130.0,123.33333333333333,130.0,123.33333333333333
130.33333333333334,123.33333333333333,130.33333333333334,123.33333333333333
130.66666666666666,123.33333333333333,130.66666666666666,123.33333333333333
131.0,123.33333333333333,131.0,123.33333333333333
131.33333333333334,123.33333333333333,131.33333333333334,123.33333333333333
131.66666666666666,123.33333333333333,131.66666666666666,123.33333333333333
132.0,123.33333333333333,132.0,123.33333333333333
132.33333333333334,123.33333333333333,132.33333333333334,123.33333333333333
132.66666666666666,123.33333333333333,132.66666666666666,123.33333333333333
133.0,123.33333333333333,133.0,123.33333333333333
133.33333333333334,123.33333333333333,133.33333333333334,123.33333333333333
133.66666666666666,123.33333333333333,133.66666666666666,123.33333333333333
134.0,123.33333333333333,134.0,123.33333333333333
111.66666666666667,123.66666666666667,111.66666666666667,123.66666666666667
112.0,123.66666666666667,112.0,123.66666666666667
112.33333333333333,123.66666666666667,112.33333333333333,123.66666666666667
112.66666666666667,123.66666666666667,112.66666666666667,123.66666666666667
113.0,123.66666666666667,113.0,123.66666666666667
113.33333333333333,123.66666666666667,113.33333333333333,123.66666666666667
113.66666666666667,123.66666666666667,113.66666666666667,123.66666666666667
114.0,123.66666666666667,114.0,123.66666666666667
114.33333333333333,123.66666666666667,114.33333333333333,123.66666666666667
114.66666666666667,123.66666666666667,114.66666666666667,123.66666666666667
115.0,123.66666666666667,115.0,123.66666666666667
115.33333333333333,123.66666666666667,115.33333333333333,123.66666666666667
115.66666666666667,123.66666666666667,115.66666666666667,123.66666666666667
116.0,123.66666666666667,116.0,123.66666666666667
116.33333333333333,123.66666666666667,116.33333333333333,123.66666666666667
116.66666666666667,123.66666666666667,116.66666666666667,123.66666666666667
117.0,123.66666666666667,117.0,123.66666666666667
117.33333333333333,123.66666666666667,117.33333333333333,123.66666666666667
117.66666666666667,123.66666666666667,117.66666666666667,123.66666666666667
118.0,123.66666666666667,118.0,123.66666666666667
118.33333333333333,123.66666666666667,118.33333333333333,123.66666666666667
118.66666666666667,123.66666666666667,118.66666666666667,123.66666666666667
119.0,123.66666666666667,119.0,123.66666666666667
119.33333333333333,123.66666666666667,119.33333333333333,123.66666666666667
119.66666666666667,123.66666666666667,119.66666666666667,123.66666666666667
120.0,123.66666666666667,120.0,123.66666666666667
120.33333333333333,123.66666666666667,120.33333333333333,123.66666666666667
120.66666666666667,123.66666666666667,120.66666666666667,123.66666666666667
121.0,123.66666666666667,121.0,123.66666666666667
121.33333333333333,123.66666666666667,121.33333333333333,123.66666666666667
121.66666666666667,123.66666666666667,121.66666666666667,123.66666666666667
122.0,123.66666666666667,122.0,123.66666666666667
122.33333333333333,123.66666666666667,122.33333333333333,123.66666666666667
122.66666666666667,123.66666666666667,122.66666666666667,123.66666666666667
123.0,123.66666666666667,123.0,123.66666666666667
123.33333333333333,123.66666666666667,123.33333333333333,123.66666666666667
123.66666666666667,123.66666666666667,123.66666666666667,123.66666666666667
124.0,123.66666666666667,124.0,123.66666666666667
124.33333333333333,123.66666666666667,124.33333333333333,123.66666666666667
124.66666666666667,123.66666666666667,124.66666666666667,123.66666666666667
125.0,123.66666666666667,125.0,123.66666666666667
125.33333333333333,123.66666666666667,125.33333333333333,123.66666666666667
125.66666666666667,123.66666666666667,125.66666666666667,123.66666666666667
126.0,123.66666666666667,126.0,123.66666666666667
126.33333333333333,123.66666666666667,126.33333333333333,123.66666666666667
126.66666666666667,123.66666666666667,126.66666666666667,123.66666666666667
127.0,123.66666666666667,127.0,123.66666666666667
127.33333333333333,123.66666666666667,127.33333333333333,123.66666666666667
127.66666666666667,123.66666666666667,127.66666666666667,123.66666666666667
128.0,123.66666666666667,128.0,123.66666666666667
128.33333333333334,123.66666666666667,128.33333333333334,123.66666666666667
128.66666666666666,123.66666666666667,128.66666666666666,123.66666666666667
129.0,123.66666666666667,129.0,123.66666666666667
129.33333333333334,123.66666666666667,129.33333333333334,123.66666666666667
129.66666666666666,123.66666666666667,129.66666666666666,123.66666666666667
130.0,123.66666666666667,130.0,123.66666666666667
130.33333333333334,123.66666666666667,130.33333333333334,123.66666666666667
130.66666666666666,123.66666666666667,130.66666666666666,123.66666666666667
131.0,123.66666666666667,131.0,123.66666666666667
131.33333333333334,123.66666666666667,131.33333333333334,123.66666666666667
131.66666666666666,123.66666666666667,131.66666666666666,123.66666666666667
132.0,123.66666666666667,132.0,123.66666666666667
132.33333333333334,123.66666666666667,132.33333333333334,123.66666666666667
132.66666666666666,123.66666666666667,132.66666666666666,123.66666666666667
133.0,123.66666666666667,133.0,123.66666666666667
133.33333333333334,123.66666666666667,133.33333333333334,123.66666666666667
133.66666666666666,123.66666666666667,133.66666666666666,123.66666666666667
134.0,123.66666666666667,134.0,123.66666666666667
111.66666666666667,124.0,111.66666666666667,124.0
112.0,124.0,112.0,124.0
112.33333333333333,124.0,112.33333333333333,124.0
112.66666666666667,124.0,112.66666666666667,124.0
113.0,124.0,113.0,124.0
113.33333333333333,124.0,113.33333333333333,124.0
113.66666666666667,124.0,113.66666666666667,124.0
114.0,124.0,114.0,124.0
114.33333333333333,124.0,114.33333333333333,124.0
114.66666666666667,124.0,114.66666666666667,124.0
115.0,124.0,115.0,124.0
115.33333333333333,124.0,115.33333333333333,124.0
115.66666666666667,124.0,115.66666666666667,124.0
116.0,124.0,116.0,124.0
116.33333333333333,124.0,116.33333333333333,124.0
116.66666666666667,124.0,116.66666666666667,124.0
117.0,124.0,117.0,124.0
117.33333333333333,124.0,117.33333333333333,124.0
117.66666666666667,124.0,117.66666666666667,124.0
118.0,124.0,118.0,124.0
118.33333333333333,124.0,118.33333333333333,124.0
118.66666666666667,124.0,118.66666666666667,124.0
119.0,124.0,119.0,124.0
119.33333333333333,124.0,119.33333333333333,124.0
119.66666666666667,124.0,119.66666666666667,124.0
120.0,124.0,120.0,124.0
120.33333333333333,124.0,120.33333333333333,124.0
120.66666666666667,124.0,120.66666666666667,124.0
121.0,124.0,121.0,124.0
121.33333333333333,124.0,121.33333333333333,124.0
121.66666666666667,124.0,121.66666666666667,124.0
122.0,124.0,122.0,124.0
122.33333333333333,124.0,122.33333333333333,124.0
122.66666666666667,124.0,122.66666666666667,124.0
123.0,124.0,123.0,124.0
123.33333333333333,124.0,123.33333333333333,124.0
123.66666666666667,124.0,123.66666666666667,124.0
124.0,124.0,124.0,124.0
124.33333333333333,124.0,124.33333333333333,124.0
124.66666666666667,124.0,124.66666666666667,124.0
125.0,124.0,125.0,124.0
125.33333333333333,124.0,125.33333333333333,124.0
125.66666666666667,124.0,125.66666666666667,124.0
126.0,124.0,126.0,124.0
126.33333333333333,124.0,126.33333333333333,124.0
126.66666666666667,124.0,126.66666666666667,124.0
127.0,124.0,127.0,124.0
127.33333333333333,124.0,127.33333333333333,124.0
127.66666666666667,124.0,127.66666666666667,124.0
128.0,124.0,128.0,124.0
128.33333333333334,124.0,128.33333333333334,124.0
128.66666666666666,124.0,128.66666666666666,124.0
129.0,124.0,129.0,124.0
129.33333333333334,124.0,129.33333333333334,124.0
129.66666666666666,124.0,129.66666666666666,124.0
130.0,124.0,130.0,124.0
130.33333333333334,124.0,130.33333333333334,124.0
130.66666666666666,124.0,130.66666666666666,124.0
131.0,124.0,131.0,124.0
131.33333333333334,124.0,131.33333333333334,124.0
131.66666666666666,124.0,131.66666666666666,124.0
132.0,124.0,132.0,124.0
132.33333333333334,124.0,132.33333333333334,124.0
132.66666666666666,124.0,132.66666666666666,124.0
133.0,124.0,133.0,124.0
133.33333333333334,124.0,133.33333333333334,124.0
133.66666666666666,124.0,133.66666666666666,124.0
134.0,124.0,134.0,124.0
111.33333333333333,124.33333333333333,111.33333333333333,124.33333333333333
111.66666666666667,124.33333333333333,111.66666666666667,124.33333333333333
112.0,124.33333333333333,112.0,124.33333333333333
112.33333333333333,124.33333333333333,112.33333333333333,124.33333333333333
112.66666666666667,124.33333333333333,112.66666666666667,124.33333333333333
113.0,124.33333333333333,113.0,124.33333333333333
113.33333333333333,124.33333333333333,113.33333333333333,124.33333333333333
113.66666666666667,124.33333333333333,113.66666666666667,124.33333333333333
114.0,124.33333333333333,114.0,124.33333333333333
114.33333333333333,124.33333333333333,114.33333333333333,124.33333333333333
114.66666666666667,124.33333333333333,114.66666666666667,124.33333333333333
115.0,124.33333333333333,115.0,124.33333333333333
115.33333333333333,124.33333333333333,115.33333333333333,124.33333333333333
115.66666666666667,124.33333333333333,115.66666666666667,124.33333333333333
116.0,124.33333333333333,116.0,124.33333333333333
116.33333333333333,124.33333333333333,116.33333333333333,124.33333333333333
116.66666666666667,124.33333333333333,116.66666666666667,124.33333333333333
117.0,124.33333333333333,117.0,124.33333333333333
117.33333333333333,124.33333333333333,117.33333333333333,124.33333333333333
117.66666666666667,124.33333333333333,117.66666666666667,124.33333333333333
118.0,124.33333333333333,118.0,124.33333333333333
118.33333333333333,124.33333333333333,118.33333333333333,124.33333333333333
118.66666666666667,124.33333333333333,118.66666666666667,124.33333333333333
119.0,124.33333333333333,119.0,124.33333333333333
119.33333333333333,124.33333333333333,119.33333333333333,124.33333333333333
119.66666666666667,124.33333333333333,119.66666666666667,124.33333333333333
120.0,124.33333333333333,120.0,124.33333333333333
120.33333333333333,124.33333333333333,120.33333333333333,124.33333333333333
120.66666666666667,124.33333333333333,120.66666666666667,124.33333333333333
121.0,124.33333333333333,121.0,124.33333333333333
121.33333333333333,124.33333333333333,121.33333333333333,124.33333333333333
121.66666666666667,124.33333333333333,121.66666666666667,124.33333333333333
122.0,124.33333333333333,122.0,124.33333333333333
122.33333333333333,124.33333333333333,122.33333333333333,124.33333333333333
122.66666666666667,124.33333333333333,122.66666666666667,124.33333333333333
123.0,124.33333333333333,123.0,124.33333333333333
123.33333333333333,124.33333333333333,123.33333333333333,124.33333333333333
123.66666666666667,124.33333333333333,123.66666666666667,124.33333333333333
124.0,124.33333333333333,124.0,124.33333333333333
124.33333333333333,124.33333333333333,124.33333333333333,124.33333333333333
124.66666666666667,124.33333333333333,124.66666666666667,124.33333333333333
125.0,124.33333333333333,125.0,124.33333333333333
125.33333333333333,124.33333333333333,125.33333333333333,124.33333333333333
125.66666666666667,124.33333333333333,125.66666666666667,124.33333333333333
126.0,124.33333333333333,126.0,124.33333333333333
126.33333333333333,124.33333333333333,126.33333333333333,124.33333333333333
126.66666666666667,124.33333333333333,126.66666666666667,124.33333333333333
127.0,124.33333333333333,127.0,124.33333333333333
127.33333333333333,124.33333333333333,127.33333333333333,124.33333333333333
127.66666666666667,124.33333333333333,127.66666666666667,124.33333333333333
128.0,124.33333333333333,128.0,124.33333333333333
128.33333333333334,124.33333333333333,128.33333333333334,124.33333333333333
128.66666666666666,124.33333333333333,128.66666666666666,124.33333333333333
129.0,124.33333333333333,129.0,124.33333333333333
129.33333333333334,124.33333333333333,129.33333333333334,124.33333333333333
129.66666666666666,124.33333333333333,129.66666666666666,124.33333333333333
130.0,124.33333333333333,130.0,124.33333333333333
130.33333333333334,124.33333333333333,130.33333333333334,124.33333333333333
130.66666666666666,124.33333333333333,130.66666666666666,124.33333333333333
131.0,124.33333333333333,131.0,124.33333333333333
131.33333333333334,124.33333333333333,131.33333333333334,124.33333333333333
131.66666666666666,124.33333333333333,131.66666666666666,124.33333333333333
132.0,124.33333333333333,132.0,124.33333333333333
132.33333333333334,124.33333333333333,132.33333333333334,124.33333333333333
132.66666666666666,124.33333333333333,132.66666666666666,124.33333333333333
133.0,124.33333333333333,133.0,124.33333333333333
133.33333333333334,124.33333333333333,133.33333333333334,124.33333333333333
133.66666666666666,124.33333333333333,133.66666666666666,124.33333333333333
134.0,124.33333333333333,134.0,124.33333333333333
111.33333333333333,124.66666666666667,111.33333333333333,124.66666666666667
111.66666666666667,124.66666666666667,111.66666666666667,124.66666666666667
112.0,124.66666666666667,112.0,124.66666666666667
112.33333333333333,124.66666666666667,112.33333333333333,124.66666666666667
112.66666666666667,124.66666666666667,112.66666666666667,124.66666666666667
113.0,124.66666666666667,113.0,124.66666666666667
113.33333333333333,124.66666666666667,113.33333333333333,124.66666666666667
113.66666666666667,124.66666666666667,113.66666666666667,124.66666666666667
114.0,124.66666666666667,114.0,124.66666666666667
114.33333333333333,124.66666666666667,114.33333333333333,124.66666666666667
114.66666666666667,124.66666666666667,114.66666666666667,124.66666666666667
115.0,124.66666666666667,115.0,124.66666666666667
115.33333333333333,124.66666666666667,115.33333333333333,124.66666666666667
115.66666666666667,124.66666666666667,115.66666666666667,124.66666666666667
116.0,124.66666666666667,116.0,124.66666666666667
116.33333333333333,124.66666666666667,116.33333333333333,124.66666666666667
116.66666666666667,124.66666666666667,116.66666666666667,124.66666666666667
117.0,124.66666666666667,117.0,124.66666666666667
117.33333333333333,124.66666666666667,117.33333333333333,124.66666666666667
117.66666666666667,124.66666666666667,117.66666666666667,124.66666666666667
118.0,124.66666666666667,118.0,124.66666666666667
118.33333333333333,124.66666666666667,118.33333333333333,124.66666666666667
118.66666666666667,124.66666666666667,118.66666666666667,124.66666666666667
119.0,124.66666666666667,119.0,124.66666666666667
119.33333333333333,124.66666666666667,119.33333333333333,124.66666666666667
119.66666666666667,124.66666666666667,119.66666666666667,124.66666666666667
120.0,124.66666666666667,120.0,124.66666666666667
120.33333333333333,124.66666666666667,120.33333333333333,124.66666666666667
120.66666666666667,124.66666666666667,120.66666666666667,124.66666666666667
121.0,124.66666666666667,121.0,124.66666666666667
121.33333333333333,124.66666666666667,121.33333333333333,124.66666666666667
121.66666666666667,124.66666666666667,121.66666666666667,124.66666666666667
122.0,124.66666666666667,122.0,124.66666666666667
122.33333333333333,124.66666666666667,122.33333333333333,124.66666666666667
122.66666666666667,124.66666666666667,122.66666666666667,124.66666666666667
123.0,124.66666666666667,123.0,124.66666666666667
123.33333333333333,124.66666666666667,123.33333333333333,124.66666666666667
123.66666666666667,124.66666666666667,123.66666666666667,124.66666666666667
124.0,124.66666666666667,124.0,124.66666666666667
124.33333333333333,124.66666666666667,124.33333333333333,124.66666666666667
124.66666666666667,124.66666666666667,124.66666666666667,124.66666666666667
125.0,124.66666666666667,125.0,124.66666666666667
125.33333333333333,124.66666666666667,125.33333333333333,124.66666666666667
125.66666666666667,124.66666666666667,125.66666666666667,124.66666666666667
126.0,124.66666666666667,126.0,124.66666666666667
126.33333333333333,124.66666666666667,126.33333333333333,124.66666666666667
126.66666666666667,124.66666666666667,126.66666666666667,124.66666666666667
127.0,124.66666666666667,127.0,124.66666666666667
127.33333333333333,124.66666666666667,127.33333333333333,124.66666666666667
127.66666666666667,124.66666666666667,127.66666666666667,124.66666666666667
128.0,124.66666666666667,128.0,124.66666666666667
128.33333333333334,124.66666666666667,128.33333333333334,124.66666666666667
128.66666666666666,124.66666666666667,128.66666666666666,124.66666666666667
129.0,124.66666666666667,129.0,124.66666666666667
129.33333333333334,124.66666666666667,129.33333333333334,124.66666666666667
129.66666666666666,124.66666666666667,129.66666666666666,124.66666666666667
130.0,124.66666666666667,130.0,124.66666666666667
130.33333333333334,124.66666666666667,130.33333333333334,124.66666666666667
130.66666666666666,124.66666666666667,130.66666666666666,124.66666666666667
131.0,124.66666666666667,131.0,124.66666666666667
131.33333333333334,124.66666666666667,131.33333333333334,124.66666666666667
131.66666666666666,124.66666666666667,131.66666666666666,124.66666666666667
132.0,124.66666666666667,132.0,124.66666666666667
132.33333333333334,124.66666666666667,132.33333333333334,124.66666666666667
132.66666666666666,124.66666666666667,132.66666666666666,124.66666666666667
133.0,124.66666666666667,133.0,124.66666666666667
133.33333333333334,124.66666666666667,133.33333333333334,124.66666666666667
133.66666666666666,124.66666666666667,133.66666666666666,124.66666666666667
134.0,124.66666666666667,134.0,124.66666666666667
111.33333333333333,125.0,111.33333333333333,125.0
111.66666666666667,125.0,111.66666666666667,125.0
112.0,125.0,112.0,125.0
112.33333333333333,125.0,112.33333333333333,125.0
112.66666666666667,125.0,112.66666666666667,125.0
113.0,125.0,113.0,125.0
113.33333333333333,125.0,113.33333333333333,125.0
113.66666666666667,125.0,113.66666666666667,125.0
114.0,125.0,114.0,125.0
114.33333333333333,125.0,114.33333333333333,125.0
114.66666666666667,125.0,114.66666666666667,125.0
115.0,125.0,115.0,125.0
115.33333333333333,125.0,115.33333333333333,125.0
115.66666666666667,125.0,115.66666666666667,125.0
116.0,125.0,116.0,125.0
116.33333333333333,125.0,116.33333333333333,125.0
116.66666666666667,125.0,116.66666666666667,125.0
117.0,125.0,117.0,125.0
117.33333333333333,125.0,117.33333333333333,125.0
117.66666666666667,125.0,117.66666666666667,125.0
118.0,125.0,118.0,125.0
118.33333333333333,125.0,118.33333333333333,125.0
118.66666666666667,125.0,118.66666666666667,125.0
119.0,125.0,119.0,125.0
119.33333333333333,125.0,119.33333333333333,125.0
119.66666666666667,125.0,119.66666666666667,125.0
120.0,125.0,120.0,125.0
120.33333333333333,125.0,120.33333333333333,125.0
120.66666666666667,125.0,120.66666666666667,125.0
121.0,125.0,121.0,125.0
121.33333333333333,125.0,121.33333333333333,125.0
121.66666666666667,125.0,121.66666666666667,125.0
122.0,125.0,122.0,125.0
122.33333333333333,125.0,122.33333333333333,125.0
122.66666666666667,125.0,122.66666666666667,125.0
123.0,125.0,123.0,125.0
123.33333333333333,125.0,123.33333333333333,125.0
123.66666666666667,125.0,123.66666666666667,125.0
124.0,125.0,124.0,125.0
124.33333333333333,125.0,124.33333333333333,125.0
124.66666666666667,125.0,124.66666666666667,125.0
125.0,125.0,125.0,125.0
125.33333333333333,125.0,125.33333333333333,125.0
125.66666666666667,125.0,125.66666666666667,125.0
126.0,125.0,126.0,125.0
126.33333333333333,125.0,126.33333333333333,125.0
126.66666666666667,125.0,126.66666666666667,125.0
127.0,125.0,127.0,125.0
127.33333333333333,125.0,127.33333333333333,125.0
127.66666666666667,125.0,127.66666666666667,125.0
128.0,125.0,128.0,125.0
128.33333333333334,125.0,128.33333333333334,125.0
128.66666666666666,125.0,128.66666666666666,125.0
129.0,125.0,129.0,125.0
129.33333333333334,125.0,129.33333333333334,125.0
129.66666666666666,125.0,129.66666666666666,125.0
130.0,125.0,130.0,125.0
130.33333333333334,125.0,130.33333333333334,125.0
130.66666666666666,125.0,130.66666666666666,125.0
131.0,125.0,131.0,125.0
131.33333333333334,125.0,131.33333333333334,125.0
131.66666666666666,125.0,131.66666666666666,125.0
132.0,125.0,132.0,125.0
132.33333333333334,125.0,132.33333333333334,125.0
132.66666666666666,125.0,132.66666666666666,125.0
133.0,125.0,133.0,125.0
133.33333333333334,125.0,133.33333333333334,125.0
133.66666666666666,125.0,133.66666666666666,125.0
134.0,125.0,134.0,125.0
134.33333333333334,125.0,134.33333333333334,125.0
111.33333333333333,125.33333333333333,111.33333333333333,125.33333333333333
111.66666666666667,125.33333333333333,111.66666666666667,125.33333333333333
112.0,125.33333333333333,112.0,125.33333333333333
112.33333333333333,125.33333333333333,112.33333333333333,125.33333333333333
112.66666666666667,125.33333333333333,112.66666666666667,125.33333333333333
113.0,125.33333333333333,113.0,125.33333333333333
113.33333333333333,125.33333333333333,113.33333333333333,125.33333333333333
113.66666666666667,125.33333333333333,113.66666666666667,125.33333333333333
114.0,125.33333333333333,114.0,125.33333333333333
114.33333333333333,125.33333333333333,114.33333333333333,125.33333333333333
114.66666666666667,125.33333333333333,114.66666666666667,125.33333333333333
115.0,125.33333333333333,115.0,125.33333333333333
115.33333333333333,125.33333333333333,115.33333333333333,125.33333333333333
115.66666666666667,125.33333333333333,115.66666666666667,125.33333333333333
116.0,125.33333333333333,116.0,125.33333333333333
116.33333333333333,125.33333333333333,116.33333333333333,125.33333333333333
116.66666666666667,125.33333333333333,116.66666666666667,125.33333333333333
117.0,125.33333333333333,117.0,125.33333333333333
117.33333333333333,125.33333333333333,117.33333333333333,125.33333333333333
117.66666666666667,125.33333333333333,117.66666666666667,125.33333333333333
118.0,125.33333333333333,118.0,125.33333333333333
118.33333333333333,125.33333333333333,118.33333333333333,125.33333333333333
118.66666666666667,125.33333333333333,118.66666666666667,125.33333333333333
119.0,125.33333333333333,119.0,125.33333333333333
119.33333333333333,125.33333333333333,119.33333333333333,125.33333333333333
119.66666666666667,125.33333333333333,119.66666666666667,125.33333333333333
120.0,125.33333333333333,120.0,125.33333333333333
120.33333333333333,125.33333333333333,120.33333333333333,125.33333333333333
120.66666666666667,125.33333333333333,120.66666666666667,125.33333333333333
121.0,125.33333333333333,121.0,125.33333333333333
121.33333333333333,125.33333333333333,121.33333333333333,125.33333333333333
121.66666666666667,125.33333333333333,121.66666666666667,125.33333333333333
122.0,125.33333333333333,122.0,125.33333333333333
122.33333333333333,125.33333333333333,122.33333333333333,125.33333333333333
122.66666666666667,125.33333333333333,122.66666666666667,125.33333333333333
123.0,125.33333333333333,123.0,125.33333333333333
123.33333333333333,125.33333333333333,123.33333333333333,125.33333333333333
123.66666666666667,125.33333333333333,123.66666666666667,125.33333333333333
124.0,125.33333333333333,124.0,125.33333333333333
124.33333333333333,125.33333333333333,124.33333333333333,125.33333333333333
124.66666666666667,125.33333333333333,124.66666666666667,125.33333333333333
125.0,125.33333333333333,125.0,125.33333333333333
125.33333333333333,125.33333333333333,125.33333333333333,125.33333333333333
125.66666666666667,125.33333333333333,125.66666666666667,125.33333333333333
126.0,125.33333333333333,126.0,125.33333333333333
126.33333333333333,125.33333333333333,126.33333333333333,125.33333333333333
126.66666666666667,125.33333333333333,126.66666666666667,125.33333333333333
127.0,125.33333333333333,127.0,125.33333333333333
127.33333333333333,125.33333333333333,127.33333333333333,125.33333333333333
127.66666666666667,125.33333333333333,127.66666666666667,125.33333333333333
128.0,125.33333333333333,128.0,125.33333333333333
128.33333333333334,125.33333333333333,128.33333333333334,125.33333333333333
128.66666666666666,125.33333333333333,128.66666666666666,125.33333333333333
129.0,125.33333333333333,129.0,125.33333333333333
129.33333333333334,125.33333333333333,129.33333333333334,125.33333333333333
129.66666666666666,125.33333333333333,129.66666666666666,125.33333333333333
130.0,125.33333333333333,130.0,125.33333333333333
130.33333333333334,125.33333333333333,130.33333333333334,125.33333333333333
130.66666666666666,125.33333333333333,130.66666666666666,125.33333333333333
131.0,125.33333333333333,131.0,125.33333333333333
131.33333333333334,125.33333333333333,131.33333333333334,125.33333333333333
131.66666666666666,125.33333333333333,131.66666666666666,125.33333333333333
132.0,125.33333333333333,132.0,125.33333333333333
132.33333333333334,125.33333333333333,132.33333333333334,125.33333333333333
132.66666666666666,125.33333333333333,132.66666666666666,125.33333333333333
133.0,125.33333333333333,133.0,125.33333333333333
133.33333333333334,125.33333333333333,133.33333333333334,125.33333333333333
133.66666666666666,125.33333333333333,133.66666666666666,125.33333333333333
134.0,125.33333333333333,134.0,125.33333333333333
134.33333333333334,125.33333333333333,134.33333333333334,125.33333333333333
111.0,125.66666666666667,111.0,125.66666666666667
111.33333333333333,125.66666666666667,111.33333333333333,125.66666666666667
111.66666666666667,125.66666666666667,111.66666666666667,125.66666666666667
112.0,125.66666666666667,112.0,125.66666666666667
112.33333333333333,125.66666666666667,112.33333333333333,125.66666666666667
112.66666666666667,125.66666666666667,112.66666666666667,125.66666666666667
113.0,125.66666666666667,113.0,125.66666666666667
113.33333333333333,125.66666666666667,113.33333333333333,125.66666666666667
113.66666666666667,125.66666666666667,113.66666666666667,125.66666666666667
114.0,125.66666666666667,114.0,125.66666666666667
114.33333333333333,125.66666666666667,114.33333333333333,125.66666666666667
114.66666666666667,125.66666666666667,114.66666666666667,125.66666666666667
115.0,125.66666666666667,115.0,125.66666666666667
115.33333333333333,125.66666666666667,115.33333333333333,125.66666666666667
115.66666666666667,125.66666666666667,115.66666666666667,125.66666666666667
116.0,125.66666666666667,116.0,125.66666666666667
116.33333333333333,125.66666666666667,116.33333333333333,125.66666666666667
116.66666666666667,125.66666666666667,116.66666666666667,125.66666666666667
117.0,125.66666666666667,117.0,125.66666666666667
117.33333333333333,125.66666666666667,117.33333333333333,125.66666666666667
117.66666666666667,125.66666666666667,117.66666666666667,125.66666666666667
118.0,125.66666666666667,118.0,125.66666666666667
118.33333333333333,125.66666666666667,118.33333333333333,125.66666666666667
118.66666666666667,125.66666666666667,118.66666666666667,125.66666666666667
119.0,125.66666666666667,119.0,125.66666666666667
119.33333333333333,125.66666666666667,119.33333333333333,125.66666666666667
119.66666666666667,125.66666666666667,119.66666666666667,125.66666666666667
120.0,125.66666666666667,120.0,125.66666666666667
120.33333333333333,125.66666666666667,120.33333333333333,125.66666666666667
120.66666666666667,125.66666666666667,120.66666666666667,125.66666666666667
121.0,125.66666666666667,121.0,125.66666666666667
121.33333333333333,125.66666666666667,121.33333333333333,125.66666666666667
121.66666666666667,125.66666666666667,121.66666666666667,125.66666666666667
122.0,125.66666666666667,122.0,125.66666666666667
122.33333333333333,125.66666666666667,122.33333333333333,125.66666666666667
122.66666666666667,125.66666666666667,122.66666666666667,125.66666666666667
123.0,125.66666666666667,123.0,125.66666666666667
123.33333333333333,125.66666666666667,123.33333333333333,125.66666666666667
123.66666666666667,125.66666666666667,123.66666666666667,125.66666666666667
124.0,125.66666666666667,124.0,125.66666666666667
124.33333333333333,125.66666666666667,124.33333333333333,125.66666666666667
124.66666666666667,125.66666666666667,124.66666666666667,125.66666666666667
125.0,125.66666666666667,125.0,125.66666666666667
125.33333333333333,125.66666666666667,125.33333333333333,125.66666666666667
125.66666666666667,125.66666666666667,125.66666666666667,125.66666666666667
126.0,125.66666666666667,126.0,125.66666666666667
126.33333333333333,125.66666666666667,126.33333333333333,125.66666666666667
126.66666666666667,125.66666666666667,126.66666666666667,125.66666666666667
127.0,125.66666666666667,127.0,125.66666666666667
127.33333333333333,125.66666666666667,127.33333333333333,125.66666666666667
127.66666666666667,125.66666666666667,127.66666666666667,125.66666666666667
128.0,125.66666666666667,128.0,125.66666666666667
128.33333333333334,125.66666666666667,128.33333333333334,125.66666666666667
128.66666666666666,125.66666666666667,128.66666666666666,125.66666666666667
129.0,125.66666666666667,129.0,125.66666666666667
129.33333333333334,125.66666666666667,129.33333333333334,125.66666666666667
129.66666666666666,125.66666666666667,129.66666666666666,125.66666666666667
130.0,125.66666666666667,130.0,125.66666666666667
130.33333333333334,125.66666666666667,130.33333333333334,125.66666666666667
130.66666666666666,125.66666666666667,130.66666666666666,125.66666666666667
131.0,125.66666666666667,131.0,125.66666666666667
131.33333333333334,125.66666666666667,131.33333333333334,125.66666666666667
131.66666666666666,125.66666666666667,131.66666666666666,125.66666666666667
132.0,125.66666666666667,132.0,125.66666666666667
132.33333333333334,125.66666666666667,132.33333333333334,125.66666666666667
132.66666666666666,125.66666666666667,132.66666666666666,125.66666666666667
133.0,125.66666666666667,133.0,125.66666666666667
133.33333333333334,125.66666666666667,133.33333333333334,125.66666666666667
133.66666666666666,125.66666666666667,133.66666666666666,125.66666666666667
134.0,125.66666666666667,134.0,125.66666666666667
134.33333333333334,125.66666666666667,134.33333333333334,125.66666666666667
134.66666666666666,125.66666666666667,134.66666666666666,125.66666666666667
111.0,126.0,111.0,126.0
111.33333333333333,126.0,111.33333333333333,126.0
111.66666666666667,126.0,111.66666666666667,126.0
112.0,126.0,112.0,126.0
112.33333333333333,126.0,112.33333333333333,126.0
112.66666666666667,126.0,112.66666666666667,126.0
113.0,126.0,113.0,126.0
113.33333333333333,126.0,113.33333333333333,126.0
113.66666666666667,126.0,113.66666666666667,126.0
114.0,126.0,114.0,126.0
114.33333333333333,126.0,114.33333333333333,126.0
114.66666666666667,126.0,114.66666666666667,126.0
115.0,126.0,115.0,126.0
115.33333333333333,126.0,115.33333333333333,126.0
115.66666666666667,126.0,115.66666666666667,126.0
116.0,126.0,116.0,126.0
116.33333333333333,126.0,116.33333333333333,126.0
116.66666666666667,126.0,116.66666666666667,126.0
117.0,126.0,117.0,126.0
117.33333333333333,126.0,117.33333333333333,126.0
117.66666666666667,126.0,117.66666666666667,126.0
118.0,126.0,118.0,126.0
118.33333333333333,126.0,118.33333333333333,126.0
118.66666666666667,126.0,118.66666666666667,126.0
119.0,126.0,119.0,126.0
119.33333333333333,126.0,119.33333333333333,126.0
119.66666666666667,126.0,119.66666666666667,126.0
120.0,126.0,120.0,126.0
120.33333333333333,126.0,120.33333333333333,126.0
120.66666666666667,126.0,120.66666666666667,126.0
121.0,126.0,121.0,126.0
121.33333333333333,126.0,121.33333333333333,126.0
121.66666666666667,126.0,121.66666666666667,126.0
122.0,126.0,122.0,126.0
122.33333333333333,126.0,122.33333333333333,126.0
122.66666666666667,126.0,122.66666666666667,126.0
123.0,126.0,123.0,126.0
123.33333333333333,126.0,123.33333333333333,126.0
123.66666666666667,126.0,123.66666666666667,126.0
124.0,126.0,124.0,126.0
124.33333333333333,126.0,124.33333333333333,126.0
124.66666666666667,126.0,124.66666666666667,126.0
125.0,126.0,125.0,126.0
125.33333333333333,126.0,125.33333333333333,126.0
125.66666666666667,126.0,125.66666666666667,126.0
126.0,126.0,126.0,126.0
126.33333333333333,126.0,126.33333333333333,126.0
126.66666666666667,126.0,126.66666666666667,126.0
127.0,126.0,127.0,126.0
127.33333333333333,126.0,127.33333333333333,126.0
127.66666666666667,126.0,127.66666666666667,126.0
128.0,126.0,128.0,126.0
128.33333333333334,126.0,128.33333333333334,126.0
128.66666666666666,126.0,128.66666666666666,126.0
129.0,126.0,129.0,126.0
129.33333333333334,126.0,129.33333333333334,126.0
129.66666666666666,126.0,129.66666666666666,126.0
130.0,126.0,130.0,126.0
130.33333333333334,126.0,130.33333333333334,126.0
130.66666666666666,126.0,130.66666666666666,126.0
131.0,126.0,131.0,126.0
131.33333333333334,126.0,131.33333333333334,126.0
131.66666666666666,126.0,131.66666666666666,126.0
132.0,126.0,132.0,126.0
132.33333333333334,126.0,132.33333333333334,126.0
132.66666666666666,126.0,132.66666666666666,126.0
133.0,126.0,133.0,126.0
133.33333333333334,126.0,133.33333333333334,126.0
133.66666666666666,126.0,133.66666666666666,126.0
134.0,126.0,134.0,126.0
134.33333333333334,126.0,134.33333333333334,126.0
134.66666666666666,126.0,134.66666666666666,126.0
111.0,126.33333333333333,111.0,126.33333333333333
111.33333333333333,126.33333333333333,111.33333333333333,126.33333333333333
111.66666666666667,126.33333333333333,111.66666666666667,126.33333333333333
112.0,126.33333333333333,112.0,126.33333333333333
112.33333333333333,126.33333333333333,112.33333333333333,126.33333333333333
112.66666666666667,126.33333333333333,112.66666666666667,126.33333333333333
113.0,126.33333333333333,113.0,126.33333333333333
113.33333333333333,126.33333333333333,113.33333333333333,126.33333333333333
113.66666666666667,126.33333333333333,113.66666666666667,126.33333333333333
114.0,126.33333333333333,114.0,126.33333333333333
114.33333333333333,126.33333333333333,114.33333333333333,126.33333333333333
114.66666666666667,126.33333333333333,114.66666666666667,126.33333333333333
115.0,126.33333333333333,115.0,126.33333333333333
115.33333333333333,126.33333333333333,115.33333333333333,126.33333333333333
115.66666666666667,126.33333333333333,115.66666666666667,126.33333333333333
116.0,126.33333333333333,116.0,126.33333333333333
116.33333333333333,126.33333333333333,116.33333333333333,126.33333333333333
116.66666666666667,126.33333333333333,116.66666666666667,126.33333333333333
117.0,126.33333333333333,117.0,126.33333333333333
117.33333333333333,126.33333333333333,117.33333333333333,126.33333333333333
117.66666666666667,126.33333333333333,117.66666666666667,126.33333333333333
118.0,126.33333333333333,118.0,126.33333333333333
118.33333333333333,126.33333333333333,118.33333333333333,126.33333333333333
118.66666666666667,126.33333333333333,118.66666666666667,126.33333333333333
119.0,126.33333333333333,119.0,126.33333333333333
119.33333333333333,126.33333333333333,119.33333333333333,126.33333333333333
119.66666666666667,126.33333333333333,119.66666666666667,126.33333333333333
120.0,126.33333333333333,120.0,126.33333333333333
120.33333333333333,126.33333333333333,120.33333333333333,126.33333333333333
120.66666666666667,126.33333333333333,120.66666666666667,126.33333333333333
121.0,126.33333333333333,121.0,126.33333333333333
121.33333333333333,126.33333333333333,121.33333333333333,126.33333333333333
121.66666666666667,126.33333333333333,121.66666666666667,126.33333333333333
122.0,126.33333333333333,122.0,126.33333333333333
122.33333333333333,126.33333333333333,122.33333333333333,126.33333333333333
122.66666666666667,126.33333333333333,122.66666666666667,126.33333333333333
123.0,126.33333333333333,123.0,126.33333333333333
123.33333333333333,126.33333333333333,123.33333333333333,126.33333333333333
123.66666666666667,126.33333333333333,123.66666666666667,126.33333333333333
124.0,126.33333333333333,124.0,126.33333333333333
124.33333333333333,126.33333333333333,124.33333333333333,126.33333333333333
124.66666666666667,126.33333333333333,124.66666666666667,126.33333333333333
125.0,126.33333333333333,125.0,126.33333333333333
125.33333333333333,126.33333333333333,125.33333333333333,126.33333333333333
125.66666666666667,126.33333333333333,125.66666666666667,126.33333333333333
126.0,126.33333333333333,126.0,126.33333333333333
126.33333333333333,126.33333333333333,126.33333333333333,126.33333333333333
126.66666666666667,126.33333333333333,126.66666666666667,126.33333333333333
127.0,126.33333333333333,127.0,126.33333333333333
127.33333333333333,126.33333333333333,127.33333333333333,126.33333333333333
127.66666666666667,126.33333333333333,127.66666666666667,126.33333333333333
128.0,126.33333333333333,128.0,126.33333333333333
128.33333333333334,126.33333333333333,128.33333333333334,126.33333333333333
128.66666666666666,126.33333333333333,128.66666666666666,126.33333333333333
129.0,126.33333333333333,129.0,126.33333333333333
129.33333333333334,126.33333333333333,129.33333333333334,126.33333333333333
129.66666666666666,126.33333333333333,129.66666666666666,126.33333333333333
130.0,126.33333333333333,130.0,126.33333333333333
130.33333333333334,126.33333333333333,130.33333333333334,126.33333333333333
130.66666666666666,126.33333333333333,130.66666666666666,126.33333333333333
131.0,126.33333333333333,131.0,126.33333333333333
131.33333333333334,126.33333333333333,131.33333333333334,126.33333333333333
131.66666666666666,126.33333333333333,131.66666666666666,126.33333333333333
132.0,126.33333333333333,132.0,126.33333333333333
132.33333333333334,126.33333333333333,132.33333333333334,126.33333333333333
132.66666666666666,126.33333333333333,132.66666666666666,126.33333333333333
133.0,126.33333333333333,133.0,126.33333333333333
133.33333333333334,126.33333333333333,133.33333333333334,126.33333333333333
133.66666666666666,126.33333333333333,133.66666666666666,126.33333333333333
134.0,126.33333333333333,134.0,126.33333333333333
134.33333333333334,126.33333333333333,134.33333333333334,126.33333333333333
134.66666666666666,126.33333333333333,134.66666666666666,126.33333333333333
110.66666666666667,126.66666666666667,110.66666666666667,126.66666666666667
111.0,126.66666666666667,111.0,126.66666666666667
111.33333333333333,126.66666666666667,111.33333333333333,126.66666666666667
111.66666666666667,126.66666666666667,111.66666666666667,126.66666666666667
112.0,126.66666666666667,112.0,126.66666666666667
112.33333333333333,126.66666666666667,112.33333333333333,126.66666666666667
112.66666666666667,126.66666666666667,112.66666666666667,126.66666666666667
113.0,126.66666666666667,113.0,126.66666666666667
113.33333333333333,126.66666666666667,113.33333333333333,126.66666666666667
113.66666666666667,126.66666666666667,113.66666666666667,126.66666666666667
114.0,126.66666666666667,114.0,126.66666666666667
114.33333333333333,126.66666666666667,114.33333333333333,126.66666666666667
114.66666666666667,126.66666666666667,114.66666666666667,126.66666666666667
115.0,126.66666666666667,115.0,126.66666666666667
115.33333333333333,126.66666666666667,115.33333333333333,126.66666666666667
115.66666666666667,126.66666666666667,115.66666666666667,126.66666666666667
116.0,126.66666666666667,116.0,126.66666666666667
116.33333333333333,126.66666666666667,116.33333333333333,126.66666666666667
116.66666666666667,126.66666666666667,116.66666666666667,126.66666666666667
117.0,126.66666666666667,117.0,126.66666666666667
117.33333333333333,126.66666666666667,117.33333333333333,126.66666666666667
117.66666666666667,126.66666666666667,117.66666666666667,126.66666666666667
118.0,126.66666666666667,118.0,126.66666666666667
118.33333333333333,126.66666666666667,118.33333333333333,126.66666666666667
118.66666666666667,126.66666666666667,118.66666666666667,126.66666666666667
119.0,126.66666666666667,119.0,126.66666666666667
119.33333333333333,126.66666666666667,119.33333333333333,126.66666666666667
119.66666666666667,126.66666666666667,119.66666666666667,126.66666666666667
120.0,126.66666666666667,120.0,126.66666666666667
120.33333333333333,126.66666666666667,120.33333333333333,126.66666666666667
120.66666666666667,126.66666666666667,120.66666666666667,126.66666666666667
121.0,126.66666666666667,121.0,126.66666666666667
121.33333333333333,126.66666666666667,121.33333333333333,126.66666666666667
121.66666666666667,126.66666666666667,121.66666666666667,126.66666666666667
122.0,126.66666666666667,122.0,126.66666666666667
122.33333333333333,126.66666666666667,122.33333333333333,126.66666666666667
122.66666666666667,126.66666666666667,122.66666666666667,126.66666666666667
123.0,126.66666666666667,123.0,126.66666666666667
123.33333333333333,126.66666666666667,123.33333333333333,126.66666666666667
123.66666666666667,126.66666666666667,123.66666666666667,126.66666666666667
124.0,126.66666666666667,124.0,126.66666666666667
124.33333333333333,126.66666666666667,124.33333333333333,126.66666666666667
124.66666666666667,126.66666666666667,124.66666666666667,126.66666666666667
125.0,126.66666666666667,125.0,126.66666666666667
125.33333333333333,126.66666666666667,125.33333333333333,126.66666666666667
125.66666666666667,126.66666666666667,125.66666666666667,126.66666666666667
126.0,126.66666666666667,126.0,126.66666666666667
126.33333333333333,126.66666666666667,126.33333333333333,126.66666666666667
126.66666666666667,126.66666666666667,126.66666666666667,126.66666666666667
127.0,126.66666666666667,127.0,126.66666666666667
127.33333333333333,126.66666666666667,127.33333333333333,126.66666666666667
127.66666666666667,126.66666666666667,127.66666666666667,126.66666666666667
128.0,126.66666666666667,128.0,126.66666666666667
128.33333333333334,126.66666666666667,128.33333333333334,126.66666666666667
128.66666666666666,126.66666666666667,128.66666666666666,126.66666666666667
129.0,126.66666666666667,129.0,126.66666666666667
129.33333333333334,126.66666666666667,129.33333333333334,126.66666666666667
129.66666666666666,126.66666666666667,129.66666666666666,126.66666666666667
130.0,126.66666666666667,130.0,126.66666666666667
130.33333333333334,126.66666666666667,130.33333333333334,126.66666666666667
130.66666666666666,126.66666666666667,130.66666666666666,126.66666666666667
131.0,126.66666666666667,131.0,126.66666666666667
131.33333333333334,126.66666666666667,131.33333333333334,126.66666666666667
131.66666666666666,126.66666666666667,131.66666666666666,126.66666666666667
132.0,126.66666666666667,132.0,126.66666666666667
132.33333333333334,126.66666666666667,132.33333333333334,126.66666666666667
132.66666666666666,126.66666666666667,132.66666666666666,126.66666666666667
133.0,126.66666666666667,133.0,126.66666666666667
133.33333333333334,126.66666666666667,133.33333333333334,126.66666666666667
133.66666666666666,126.66666666666667,133.66666666666666,126.66666666666667
134.0,126.66666666666667,134.0,126.66666666666667
134.33333333333334,126.66666666666667,134.33333333333334,126.66666666666667
134.66666666666666,126.66666666666667,134.66666666666666,126.66666666666667
135.0,126.66666666666667,135.0,126.66666666666667
110.66666666666667,127.0,110.66666666666667,127.0
111.0,127.0,111.0,127.0
111.33333333333333,127.0,111.33333333333333,127.0
111.66666666666667,127.0,111.66666666666667,127.0
112.0,127.0,112.0,127.0
112.33333333333333,127.0,112.33333333333333,127.0
112.66666666666667,127.0,112.66666666666667,127.0
113.0,127.0,113.0,127.0
113.33333333333333,127.0,113.33333333333333,127.0
113.66666666666667,127.0,113.66666666666667,127.0
114.0,127.0,114.0,127.0
114.33333333333333,127.0,114.33333333333333,127.0
114.66666666666667,127.0,114.66666666666667,127.0
115.0,127.0,115.0,127.0
115.33333333333333,127.0,115.33333333333333,127.0
115.66666666666667,127.0,115.66666666666667,127.0
116.0,127.0,116.0,127.0
116.33333333333333,127.0,116.33333333333333,127.0
116.66666666666667,127.0,116.66666666666667,127.0
117.0,127.0,117.0,127.0
117.33333333333333,127.0,117.33333333333333,127.0
117.66666666666667,127.0,117.66666666666667,127.0
118.0,127.0,118.0,127.0
118.33333333333333,127.0,118.33333333333333,127.0
118.66666666666667,127.0,118.66666666666667,127.0
119.0,127.0,119.0,127.0
119.33333333333333,127.0,119.33333333333333,127.0
119.66666666666667,127.0,119.66666666666667,127.0
120.0,127.0,120.0,127.0
120.33333333333333,127.0,120.33333333333333,127.0
120.66666666666667,127.0,120.66666666666667,127.0
121.0,127.0,121.0,127.0
121.33333333333333,127.0,121.33333333333333,127.0
121.66666666666667,127.0,121.66666666666667,127.0
122.0,127.0,122.0,127.0
122.33333333333333,127.0,122.33333333333333,127.0
122.66666666666667,127.0,122.66666666666667,127.0
123.0,127.0,123.0,127.0
123.33333333333333,127.0,123.33333333333333,127.0
123.66666666666667,127.0,123.66666666666667,127.0
124.0,127.0,124.0,127.0
124.33333333333333,127.0,124.33333333333333,127.0
124.66666666666667,127.0,124.66666666666667,127.0
125.0,127.0,125.0,127.0
125.33333333333333,127.0,125.33333333333333,127.0
125.66666666666667,127.0,125.66666666666667,127.0
126.0,127.0,126.0,127.0
126.33333333333333,127.0,126.33333333333333,127.0
126.66666666666667,127.0,126.66666666666667,127.0
127.0,127.0,127.0,127.0
127.33333333333333,127.0,127.33333333333333,127.0
127.66666666666667,127.0,127.66666666666667,127.0
128.0,127.0,128.0,127.0
128.33333333333334,127.0,128.33333333333334,127.0
128.66666666666666,127.0,128.66666666666666,127.0
129.0,127.0,129.0,127.0
129.33333333333334,127.0,129.33333333333334,127.0
129.66666666666666,127.0,129.66666666666666,127.0
130.0,127.0,130.0,127.0
130.33333333333334,127.0,130.33333333333334,127.0
130.66666666666666,127.0,130.66666666666666,127.0
131.0,127.0,131.0,127.0
131.33333333333334,127.0,131.33333333333334,127.0
131.66666666666666,127.0,131.66666666666666,127.0
132.0,127.0,132.0,127.0
132.33333333333334,127.0,132.33333333333334,127.0
132.66666666666666,127.0,132.66666666666666,127.0
133.0,127.0,133.0,127.0
133.33333333333334,127.0,133.33333333333334,127.0
133.66666666666666,127.0,133.66666666666666,127.0
134.0,127.0,134.0,127.0
134.33333333333334,127.0,134.33333333333334,127.0
134.66666666666666,127.0,134.66666666666666,127.0
135.0,127.0,135.0,127.0
135.33333333333334,127.0,135.33333333333334,127.0
110.66666666666667,127.33333333333333,110.66666666666667,127.33333333333333
111.0,127.33333333333333,111.0,127.33333333333333
111.33333333333333,127.33333333333333,111.33333333333333,127.33333333333333
111.66666666666667,127.33333333333333,111.66666666666667,127.33333333333333
112.0,127.33333333333333,112.0,127.33333333333333
112.33333333333333,127.33333333333333,112.33333333333333,127.33333333333333
112.66666666666667,127.33333333333333,112.66666666666667,127.33333333333333
113.0,127.33333333333333,113.0,127.33333333333333
113.33333333333333,127.33333333333333,113.33333333333333,127.33333333333333
113.66666666666667,127.33333333333333,113.66666666666667,127.33333333333333
114.0,127.33333333333333,114.0,127.33333333333333
114.33333333333333,127.33333333333333,114.33333333333333,127.33333333333333
114.66666666666667,127.33333333333333,114.66666666666667,127.33333333333333
115.0,127.33333333333333,115.0,127.33333333333333
115.33333333333333,127.33333333333333,115.33333333333333,127.33333333333333
115.66666666666667,127.33333333333333,115.66666666666667,127.33333333333333
116.0,127.33333333333333,116.0,127.33333333333333
116.33333333333333,127.33333333333333,116.33333333333333,127.33333333333333
116.66666666666667,127.33333333333333,116.66666666666667,127.33333333333333
117.0,127.33333333333333,117.0,127.33333333333333
117.33333333333333,127.33333333333333,117.33333333333333,127.33333333333333
117.66666666666667,127.33333333333333,117.66666666666667,127.33333333333333
118.0,127.33333333333333,118.0,127.33333333333333
118.33333333333333,127.33333333333333,118.33333333333333,127.33333333333333
118.66666666666667,127.33333333333333,118.66666666666667,127.33333333333333
119.0,127.33333333333333,119.0,127.33333333333333
119.33333333333333,127.33333333333333,119.33333333333333,127.33333333333333
119.66666666666667,127.33333333333333,119.66666666666667,127.33333333333333
120.0,127.33333333333333,120.0,127.33333333333333
120.33333333333333,127.33333333333333,120.33333333333333,127.33333333333333
120.66666666666667,127.33333333333333,120.66666666666667,127.33333333333333
121.0,127.33333333333333,121.0,127.33333333333333
121.33333333333333,127.33333333333333,121.33333333333333,127.33333333333333
121.66666666666667,127.33333333333333,121.66666666666667,127.33333333333333
122.0,127.33333333333333,122.0,127.33333333333333
122.33333333333333,127.33333333333333,122.33333333333333,127.33333333333333
122.66666666666667,127.33333333333333,122.66666666666667,127.33333333333333
123.0,127.33333333333333,123.0,127.33333333333333
123.33333333333333,127.33333333333333,123.33333333333333,127.33333333333333
123.66666666666667,127.33333333333333,123.66666666666667,127.33333333333333
124.0,127.33333333333333,124.0,127.33333333333333
124.33333333333333,127.33333333333333,124.33333333333333,127.33333333333333
124.66666666666667,127.33333333333333,124.66666666666667,127.33333333333333
125.0,127.33333333333333,125.0,127.33333333333333
125.33333333333333,127.33333333333333,125.33333333333333,127.33333333333333
125.66666666666667,127.33333333333333,125.66666666666667,127.33333333333333
126.0,127.33333333333333,126.0,127.33333333333333
126.33333333333333,127.33333333333333,126.33333333333333,127.33333333333333
126.66666666666667,127.33333333333333,126.66666666666667,127.33333333333333
127.0,127.33333333333333,127.0,127.33333333333333
127.33333333333333,127.33333333333333,127.33333333333333,127.33333333333333
127.66666666666667,127.33333333333333,127.66666666666667,127.33333333333333
128.0,127.33333333333333,128.0,127.33333333333333
128.33333333333334,127.33333333333333,128.33333333333334,127.33333333333333
128.66666666666666,127.33333333333333,128.66666666666666,127.33333333333333
129.0,127.33333333333333,129.0,127.33333333333333
129.33333333333334,127.33333333333333,129.33333333333334,127.33333333333333
129.66666666666666,127.33333333333333,129.66666666666666,127.33333333333333
130.0,127.33333333333333,130.0,127.33333333333333
130.33333333333334,127.33333333333333,130.33333333333334,127.33333333333333
130.66666666666666,127.33333333333333,130.66666666666666,127.33333333333333
131.0,127.33333333333333,131.0,127.33333333333333
131.33333333333334,127.33333333333333,131.33333333333334,127.33333333333333
131.66666666666666,127.33333333333333,131.66666666666666,127.33333333333333
132.0,127.33333333333333,132.0,127.33333333333333
132.33333333333334,127.33333333333333,132.33333333333334,127.33333333333333
132.66666666666666,127.33333333333333,132.66666666666666,127.33333333333333
133.0,127.33333333333333,133.0,127.33333333333333
133.33333333333334,127.33333333333333,133.33333333333334,127.33333333333333
133.66666666666666,127.33333333333333,133.66666666666666,127.33333333333333
134.0,127.33333333333333,134.0,127.33333333333333
134.33333333333334,127.33333333333333,134.33333333333334,127.33333333333333
134.66666666666666,127.33333333333333,134.66666666666666,127.33333333333333
135.0,127.33333333333333,135.0,127.33333333333333
135.33333333333334,127.33333333333333,135.33333333333334,127.33333333333333
110.66666666666667,127.66666666666667,110.66666666666667,127.66666666666667
111.0,127.66666666666667,111.0,127.66666666666667
111.33333333333333,127.66666666666667,111.33333333333333,127.66666666666667
111.66666666666667,127.66666666666667,111.66666666666667,127.66666666666667
112.0,127.66666666666667,112.0,127.66666666666667
112.33333333333333,127.66666666666667,112.33333333333333,127.66666666666667
112.66666666666667,127.66666666666667,112.66666666666667,127.66666666666667
113.0,127.66666666666667,113.0,127.66666666666667
113.33333333333333,127.66666666666667,113.33333333333333,127.66666666666667
113.66666666666667,127.66666666666667,113.66666666666667,127.66666666666667
114.0,127.66666666666667,114.0,127.66666666666667
114.33333333333333,127.66666666666667,114.33333333333333,127.66666666666667
114.66666666666667,127.66666666666667,114.66666666666667,127.66666666666667
115.0,127.66666666666667,115.0,127.66666666666667
115.33333333333333,127.66666666666667,115.33333333333333,127.66666666666667
115.66666666666667,127.66666666666667,115.66666666666667,127.66666666666667
116.0,127.66666666666667,116.0,127.66666666666667
116.33333333333333,127.66666666666667,116.33333333333333,127.66666666666667
116.66666666666667,127.66666666666667,116.66666666666667,127.66666666666667
117.0,127.66666666666667,117.0,127.66666666666667
117.33333333333333,127.66666666666667,117.33333333333333,127.66666666666667
117.66666666666667,127.66666666666667,117.66666666666667,127.66666666666667
118.0,127.66666666666667,118.0,127.66666666666667
118.33333333333333,127.66666666666667,118.33333333333333,127.66666666666667
118.66666666666667,127.66666666666667,118.66666666666667,127.66666666666667
119.0,127.66666666666667,119.0,127.66666666666667
119.33333333333333,127.66666666666667,119.33333333333333,127.66666666666667
119.66666666666667,127.66666666666667,119.66666666666667,127.66666666666667
120.0,127.66666666666667,120.0,127.66666666666667
120.33333333333333,127.66666666666667,120.33333333333333,127.66666666666667
120.66666666666667,127.66666666666667,120.66666666666667,127.66666666666667
121.0,127.66666666666667,121.0,127.66666666666667
121.33333333333333,127.66666666666667,121.33333333333333,127.66666666666667
121.66666666666667,127.66666666666667,121.66666666666667,127.66666666666667
122.0,127.66666666666667,122.0,127.66666666666667
122.33333333333333,127.66666666666667,122.33333333333333,127.66666666666667
122.66666666666667,127.66666666666667,122.66666666666667,127.66666666666667
123.0,127.66666666666667,123.0,127.66666666666667
123.33333333333333,127.66666666666667,123.33333333333333,127.66666666666667
123.66666666666667,127.66666666666667,123.66666666666667,127.66666666666667
124.0,127.66666666666667,124.0,127.66666666666667
124.33333333333333,127.66666666666667,124.33333333333333,127.66666666666667
124.66666666666667,127.66666666666667,124.66666666666667,127.66666666666667
125.0,127.66666666666667,125.0,127.66666666666667
125.33333333333333,127.66666666666667,125.33333333333333,127.66666666666667
125.66666666666667,127.66666666666667,125.66666666666667,127.66666666666667
126.0,127.66666666666667,126.0,127.66666666666667
126.33333333333333,127.66666666666667,126.33333333333333,127.66666666666667
126.66666666666667,127.66666666666667,126.66666666666667,127.66666666666667
127.0,127.66666666666667,127.0,127.66666666666667
127.33333333333333,127.66666666666667,127.33333333333333,127.66666666666667
127.66666666666667,127.66666666666667,127.66666666666667,127.66666666666667
128.0,127.66666666666667,128.0,127.66666666666667
128.33333333333334,127.66666666666667,128.33333333333334,127.66666666666667
128.66666666666666,127.66666666666667,128.66666666666666,127.66666666666667
129.0,127.66666666666667,129.0,127.66666666666667
129.33333333333334,127.66666666666667,129.33333333333334,127.66666666666667
129.66666666666666,127.66666666666667,129.66666666666666,127.66666666666667
130.0,127.66666666666667,130.0,127.66666666666667
130.33333333333334,127.66666666666667,130.33333333333334,127.66666666666667
130.66666666666666,127.66666666666667,130.66666666666666,127.66666666666667
131.0,127.66666666666667,131.0,127.66666666666667
131.33333333333334,127.66666666666667,131.33333333333334,127.66666666666667
131.66666666666666,127.66666666666667,131.66666666666666,127.66666666666667
132.0,127.66666666666667,132.0,127.66666666666667
132.33333333333334,127.66666666666667,132.33333333333334,127.66666666666667
132.66666666666666,127.66666666666667,132.66666666666666,127.66666666666667
133.0,127.66666666666667,133.0,127.66666666666667
133.33333333333334,127.66666666666667,133.33333333333334,127.66666666666667
133.66666666666666,127.66666666666667,133.66666666666666,127.66666666666667
134.0,127.66666666666667,134.0,127.66666666666667
134.33333333333334,127.66666666666667,134.33333333333334,127.66666666666667
134.66666666666666,127.66666666666667,134.66666666666666,127.66666666666667
135.0,127.66666666666667,135.0,127.66666666666667
135.33333333333334,127.66666666666667,135.33333333333334,127.66666666666667
135.66666666666666,127.66666666666667,135.66666666666666,127.66666666666667
110.66666666666667,128.0,110.66666666666667,128.0
111.0,128.0,111.0,128.0
111.33333333333333,128.0,111.33333333333333,128.0
111.66666666666667,128.0,111.66666666666667,128.0
112.0,128.0,112.0,128.0
112.33333333333333,128.0,112.33333333333333,128.0
112.66666666666667,128.0,112.66666666666667,128.0
113.0,128.0,113.0,128.0
113.33333333333333,128.0,113.33333333333333,128.0
113.66666666666667,128.0,113.66666666666667,128.0
114.0,128.0,114.0,128.0
114.33333333333333,128.0,114.33333333333333,128.0
114.66666666666667,128.0,114.66666666666667,128.0
115.0,128.0,115.0,128.0
115.33333333333333,128.0,115.33333333333333,128.0
115.66666666666667,128.0,115.66666666666667,128.0
116.0,128.0,116.0,128.0
116.33333333333333,128.0,116.33333333333333,128.0
116.66666666666667,128.0,116.66666666666667,128.0
117.0,128.0,117.0,128.0
117.33333333333333,128.0,117.33333333333333,128.0
117.66666666666667,128.0,117.66666666666667,128.0
118.0,128.0,118.0,128.0
118.33333333333333,128.0,118.33333333333333,128.0
118.66666666666667,128.0,118.66666666666667,128.0
119.0,128.0,119.0,128.0
119.33333333333333,128.0,119.33333333333333,128.0
119.66666666666667,128.0,119.66666666666667,128.0
120.0,128.0,120.0,128.0
120.33333333333333,128.0,120.33333333333333,128.0
120.66666666666667,128.0,120.66666666666667,128.0
121.0,128.0,121.0,128.0
121.33333333333333,128.0,121.33333333333333,128.0
121.66666666666667,128.0,121.66666666666667,128.0
122.0,128.0,122.0,128.0
122.33333333333333,128.0,122.33333333333333,128.0
122.66666666666667,128.0,122.66666666666667,128.0
123.0,128.0,123.0,128.0
123.33333333333333,128.0,123.33333333333333,128.0
123.66666666666667,128.0,123.66666666666667,128.0
124.0,128.0,124.0,128.0
124.33333333333333,128.0,124.33333333333333,128.0
124.66666666666667,128.0,124.66666666666667,128.0
125.0,128.0,125.0,128.0
125.33333333333333,128.0,125.33333333333333,128.0
125.66666666666667,128.0,125.66666666666667,128.0
126.0,128.0,126.0,128.0
126.33333333333333,128.0,126.33333333333333,128.0
126.66666666666667,128.0,126.66666666666667,128.0
127.0,128.0,127.0,128.0
127.33333333333333,128.0,127.33333333333333,128.0
127.66666666666667,128.0,127.66666666666667,128.0
128.0,128.0,128.0,128.0
128.33333333333334,128.0,128.33333333333334,128.0
128.66666666666666,128.0,128.66666666666666,128.0
129.0,128.0,129.0,128.0
129.33333333333334,128.0,129.33333333333334,128.0
129.66666666666666,128.0,129.66666666666666,128.0
130.0,128.0,130.0,128.0
130.33333333333334,128.0,130.33333333333334,128.0
130.66666666666666,128.0,130.66666666666666,128.0
131.0,128.0,131.0,128.0
131.33333333333334,128.0,131.33333333333334,128.0
131.66666666666666,128.0,131.66666666666666,128.0
132.0,128.0,132.0,128.0
132.33333333333334,128.0,132.33333333333334,128.0
132.66666666666666,128.0,132.66666666666666,128.0
133.0,128.0,133.0,128.0
133.33333333333334,128.0,133.33333333333334,128.0
133.66666666666666,128.0,133.66666666666666,128.0
134.0,128.0,134.0,128.0
134.33333333333334,128.0,134.33333333333334,128.0
134.66666666666666,128.0,134.66666666666666,128.0
135.0,128.0,135.0,128.0
135.33333333333334,128.0,135.33333333333334,128.0
135.66666666666666,128.0,135.66666666666666,128.0
110.66666666666667,128.33333333333334,110.66666666666667,128.33333333333334
111.0,128.33333333333334,111.0,128.33333333333334
111.33333333333333,128.33333333333334,111.33333333333333,128.33333333333334
111.66666666666667,128.33333333333334,111.66666666666667,128.33333333333334
112.0,128.33333333333334,112.0,128.33333333333334
112.33333333333333,128.33333333333334,112.33333333333333,128.33333333333334
112.66666666666667,128.33333333333334,112.66666666666667,128.33333333333334
113.0,128.33333333333334,113.0,128.33333333333334
113.33333333333333,128.33333333333334,113.33333333333333,128.33333333333334
113.66666666666667,128.33333333333334,113.66666666666667,128.33333333333334
114.0,128.33333333333334,114.0,128.33333333333334
114.33333333333333,128.33333333333334,114.33333333333333,128.33333333333334
114.66666666666667,128.33333333333334,114.66666666666667,128.33333333333334
115.0,128.33333333333334,115.0,128.33333333333334
115.33333333333333,128.33333333333334,115.33333333333333,128.33333333333334
115.66666666666667,128.33333333333334,115.66666666666667,128.33333333333334
116.0,128.33333333333334,116.0,128.33333333333334
116.33333333333333,128.33333333333334,116.33333333333333,128.33333333333334
116.66666666666667,128.33333333333334,116.66666666666667,128.33333333333334
117.0,128.33333333333334,117.0,128.33333333333334
117.33333333333333,128.33333333333334,117.33333333333333,128.33333333333334
117.66666666666667,128.33333333333334,117.66666666666667,128.33333333333334
118.0,128.33333333333334,118.0,128.33333333333334
118.33333333333333,128.33333333333334,118.33333333333333,128.33333333333334
118.66666666666667,128.33333333333334,118.66666666666667,128.33333333333334
119.0,128.33333333333334,119.0,128.33333333333334
119.33333333333333,128.33333333333334,119.33333333333333,128.33333333333334
119.66666666666667,128.33333333333334,119.66666666666667,128.33333333333334
120.0,128.33333333333334,120.0,128.33333333333334
120.33333333333333,128.33333333333334,120.33333333333333,128.33333333333334
120.66666666666667,128.33333333333334,120.66666666666667,128.33333333333334
121.0,128.33333333333334,121.0,128.33333333333334
121.33333333333333,128.33333333333334,121.33333333333333,128.33333333333334
121.66666666666667,128.33333333333334,121.66666666666667,128.33333333333334
122.0,128.33333333333334,122.0,128.33333333333334
122.33333333333333,128.33333333333334,122.33333333333333,128.33333333333334
122.66666666666667,128.33333333333334,122.66666666666667,128.33333333333334
123.0,128.33333333333334,123.0,128.33333333333334
123.33333333333333,128.33333333333334,123.33333333333333,128.33333333333334
123.66666666666667,128.33333333333334,123.66666666666667,128.33333333333334
124.0,128.33333333333334,124.0,128.33333333333334
124.33333333333333,128.33333333333334,124.33333333333333,128.33333333333334
124.66666666666667,128.33333333333334,124.66666666666667,128.33333333333334
125.0,128.33333333333334,125.0,128.33333333333334
125.33333333333333,128.33333333333334,125.33333333333333,128.33333333333334
125.66666666666667,128.33333333333334,125.66666666666667,128.33333333333334
126.0,128.33333333333334,126.0,128.33333333333334
126.33333333333333,128.33333333333334,126.33333333333333,128.33333333333334
126.66666666666667,128.33333333333334,126.66666666666667,128.33333333333334
127.0,128.33333333333334,127.0,128.33333333333334
127.33333333333333,128.33333333333334,127.33333333333333,128.33333333333334
127.66666666666667,128.33333333333334,127.66666666666667,128.33333333333334
128.0,128.33333333333334,128.0,128.33333333333334
128.33333333333334,128.33333333333334,128.33333333333334,128.33333333333334
128.66666666666666,128.33333333333334,128.66666666666666,128.33333333333334
129.0,128.33333333333334,129.0,128.33333333333334
129.33333333333334,128.33333333333334,129.33333333333334,128.33333333333334
129.66666666666666,128.33333333333334,129.66666666666666,128.33333333333334
130.0,128.33333333333334,130.0,128.33333333333334
130.33333333333334,128.33333333333334,130.33333333333334,128.33333333333334
130.66666666666666,128.33333333333334,130.66666666666666,128.33333333333334
131.0,128.33333333333334,131.0,128.33333333333334
131.33333333333334,128.33333333333334,131.33333333333334,128.33333333333334
131.66666666666666,128.33333333333334,131.66666666666666,128.33333333333334
132.0,128.33333333333334,132.0,128.33333333333334
132.33333333333334,128.33333333333334,132.33333333333334,128.33333333333334
132.66666666666666,128.33333333333334,132.66666666666666,128.33333333333334
133.0,128.33333333333334,133.0,128.33333333333334
133.33333333333334,128.33333333333334,133.33333333333334,128.33333333333334
133.66666666666666,128.33333333333334,133.66666666666666,128.33333333333334
134.0,128.33333333333334,134.0,128.33333333333334
134.33333333333334,128.33333333333334,134.33333333333334,128.33333333333334
134.66666666666666,128.33333333333334,134.66666666666666,128.33333333333334
135.0,128.33333333333334,135.0,128.33333333333334
135.33333333333334,128.33333333333334,135.33333333333334,128.33333333333334
135.66666666666666,128.33333333333334,135.66666666666666,128.33333333333334
136.0,128.33333333333334,136.0,128.33333333333334
110.66666666666667,128.66666666666666,110.66666666666667,128.66666666666666
111.0,128.66666666666666,111.0,128.66666666666666
111.33333333333333,128.66666666666666,111.33333333333333,128.66666666666666
111.66666666666667,128.66666666666666,111.66666666666667,128.66666666666666
112.0,128.66666666666666,112.0,128.66666666666666
112.33333333333333,128.66666666666666,112.33333333333333,128.66666666666666
112.66666666666667,128.66666666666666,112.66666666666667,128.66666666666666
113.0,128.66666666666666,113.0,128.66666666666666
113.33333333333333,128.66666666666666,113.33333333333333,128.66666666666666
113.66666666666667,128.66666666666666,113.66666666666667,128.66666666666666
114.0,128.66666666666666,114.0,128.66666666666666
114.33333333333333,128.66666666666666,114.33333333333333,128.66666666666666
114.66666666666667,128.66666666666666,114.66666666666667,128.66666666666666
115.0,128.66666666666666,115.0,128.66666666666666
115.33333333333333,128.66666666666666,115.33333333333333,128.66666666666666
115.66666666666667,128.66666666666666,115.66666666666667,128.66666666666666
116.0,128.66666666666666,116.0,128.66666666666666
116.33333333333333,128.66666666666666,116.33333333333333,128.66666666666666
116.66666666666667,128.66666666666666,116.66666666666667,128.66666666666666
117.0,128.66666666666666,117.0,128.66666666666666
117.33333333333333,128.66666666666666,117.33333333333333,128.66666666666666
117.66666666666667,128.66666666666666,117.66666666666667,128.66666666666666
118.0,128.66666666666666,118.0,128.66666666666666
118.33333333333333,128.66666666666666,118.33333333333333,128.66666666666666
118.66666666666667,128.66666666666666,118.66666666666667,128.66666666666666
119.0,128.66666666666666,119.0,128.66666666666666
119.33333333333333,128.66666666666666,119.33333333333333,128.66666666666666
119.66666666666667,128.66666666666666,119.66666666666667,128.66666666666666
120.0,128.66666666666666,120.0,128.66666666666666
120.33333333333333,128.66666666666666,120.33333333333333,128.66666666666666
120.66666666666667,128.66666666666666,120.66666666666667,128.66666666666666
121.0,128.66666666666666,121.0,128.66666666666666
121.33333333333333,128.66666666666666,121.33333333333333,128.66666666666666
121.66666666666667,128.66666666666666,121.66666666666667,128.66666666666666
122.0,128.66666666666666,122.0,128.66666666666666
122.33333333333333,128.66666666666666,122.33333333333333,128.66666666666666
122.66666666666667,128.66666666666666,122.66666666666667,128.66666666666666
123.0,128.66666666666666,123.0,128.66666666666666
123.33333333333333,128.66666666666666,123.33333333333333,128.66666666666666
123.66666666666667,128.66666666666666,123.66666666666667,128.66666666666666
124.0,128.66666666666666,124.0,128.66666666666666
124.33333333333333,128.66666666666666,124.33333333333333,128.66666666666666
124.66666666666667,128.66666666666666,124.66666666666667,128.66666666666666
125.0,128.66666666666666,125.0,128.66666666666666
125.33333333333333,128.66666666666666,125.33333333333333,128.66666666666666
125.66666666666667,128.66666666666666,125.66666666666667,128.66666666666666
126.0,128.66666666666666,126.0,128.66666666666666
126.33333333333333,128.66666666666666,126.33333333333333,128.66666666666666
126.66666666666667,128.66666666666666,126.66666666666667,128.66666666666666
127.0,128.66666666666666,127.0,128.66666666666666
127.33333333333333,128.66666666666666,127.33333333333333,128.66666666666666
127.66666666666667,128.66666666666666,127.66666666666667,128.66666666666666
128.0,128.66666666666666,128.0,128.66666666666666
128.33333333333334,128.66666666666666,128.33333333333334,128.66666666666666
128.66666666666666,128.66666666666666,128.66666666666666,128.66666666666666
129.0,128.66666666666666,129.0,128.66666666666666
129.33333333333334,128.66666666666666,129.33333333333334,128.66666666666666
129.66666666666666,128.66666666666666,129.66666666666666,128.66666666666666
130.0,128.66666666666666,130.0,128.66666666666666
130.33333333333334,128.66666666666666,130.33333333333334,128.66666666666666
130.66666666666666,128.66666666666666,130.66666666666666,128.66666666666666
131.0,128.66666666666666,131.0,128.66666666666666
131.33333333333334,128.66666666666666,131.33333333333334,128.66666666666666
131.66666666666666,128.66666666666666,131.66666666666666,128.66666666666666
132.0,128.66666666666666,132.0,128.66666666666666
132.33333333333334,128.66666666666666,132.33333333333334,128.66666666666666
132.66666666666666,128.66666666666666,132.66666666666666,128.66666666666666
133.0,128.66666666666666,133.0,128.66666666666666
133.33333333333334,128.66666666666666,133.33333333333334,128.66666666666666
133.66666666666666,128.66666666666666,133.66666666666666,128.66666666666666
134.0,128.66666666666666,134.0,128.66666666666666
134.33333333333334,128.66666666666666,134.33333333333334,128.66666666666666
134.66666666666666,128.66666666666666,134.66666666666666,128.66666666666666
135.0,128.66666666666666,135.0,128.66666666666666
135.33333333333334,128.66666666666666,135.33333333333334,128.66666666666666
135.66666666666666,128.66666666666666,135.66666666666666,128.66666666666666
136.0,128.66666666666666,136.0,128.66666666666666
110.66666666666667,129.0,110.66666666666667,129.0
111.0,129.0,111.0,129.0
111.33333333333333,129.0,111.33333333333333,129.0
111.66666666666667,129.0,111.66666666666667,129.0
112.0,129.0,112.0,129.0
112.33333333333333,129.0,112.33333333333333,129.0
112.66666666666667,129.0,112.66666666666667,129.0
113.0,129.0,113.0,129.0
113.33333333333333,129.0,113.33333333333333,129.0
113.66666666666667,129.0,113.66666666666667,129.0
114.0,129.0,114.0,129.0
114.33333333333333,129.0,114.33333333333333,129.0
114.66666666666667,129.0,114.66666666666667,129.0
115.0,129.0,115.0,129.0
115.33333333333333,129.0,115.33333333333333,129.0
115.66666666666667,129.0,115.66666666666667,129.0
116.0,129.0,116.0,129.0
116.33333333333333,129.0,116.33333333333333,129.0
116.66666666666667,129.0,116.66666666666667,129.0
117.0,129.0,117.0,129.0
117.33333333333333,129.0,117.33333333333333,129.0
117.66666666666667,129.0,117.66666666666667,129.0
118.0,129.0,118.0,129.0
118.33333333333333,129.0,118.33333333333333,129.0
118.66666666666667,129.0,118.66666666666667,129.0
119.0,129.0,119.0,129.0
119.33333333333333,129.0,119.33333333333333,129.0
119.66666666666667,129.0,119.66666666666667,129.0
120.0,129.0,120.0,129.0
120.33333333333333,129.0,120.33333333333333,129.0
120.66666666666667,129.0,120.66666666666667,129.0
121.0,129.0,121.0,129.0
121.33333333333333,129.0,121.33333333333333,129.0
121.66666666666667,129.0,121.66666666666667,129.0
122.0,129.0,122.0,129.0
122.33333333333333,129.0,122.33333333333333,129.0
122.66666666666667,129.0,122.66666666666667,129.0
123.0,129.0,123.0,129.0
123.33333333333333,129.0,123.33333333333333,129.0
123.66666666666667,129.0,123.66666666666667,129.0
124.0,129.0,124.0,129.0
124.33333333333333,129.0,124.33333333333333,129.0
124.66666666666667,129.0,124.66666666666667,129.0
125.0,129.0,125.0,129.0
125.33333333333333,129.0,125.33333333333333,129.0
125.66666666666667,129.0,125.66666666666667,129.0
126.0,129.0,126.0,129.0
126.33333333333333,129.0,126.33333333333333,129.0
126.66666666666667,129.0,126.66666666666667,129.0
127.0,129.0,127.0,129.0
127.33333333333333,129.0,127.33333333333333,129.0
127.66666666666667,129.0,127.66666666666667,129.0
128.0,129.0,128.0,129.0
128.33333333333334,129.0,128.33333333333334,129.0
128.66666666666666,129.0,128.66666666666666,129.0
129.0,129.0,129.0,129.0
129.33333333333334,129.0,129.33333333333334,129.0
129.66666666666666,129.0,129.66666666666666,129.0
130.0,129.0,130.0,129.0
130.33333333333334,129.0,130.33333333333334,129.0
130.66666666666666,129.0,130.66666666666666,129.0
131.0,129.0,131.0,129.0
131.33333333333334,129.0,131.33333333333334,129.0
131.66666666666666,129.0,131.66666666666666,129.0
132.0,129.0,132.0,129.0
132.33333333333334,129.0,132.33333333333334,129.0
132.66666666666666,129.0,132.66666666666666,129.0
133.0,129.0,133.0,129.0
133.33333333333334,129.0,133.33333333333334,129.0
133.66666666666666,129.0,133.66666666666666,129.0
134.0,129.0,134.0,129.0
134.33333333333334,129.0,134.33333333333334,129.0
134.66666666666666,129.0,134.66666666666666,129.0
135.0,129.0,135.0,129.0
135.33333333333334,129.0,135.33333333333334,129.0
135.66666666666666,129.0,135.66666666666666,129.0
136.0,129.0,136.0,129.0
136.33333333333334,129.0,136.33333333333334,129.0
110.66666666666667,129.33333333333334,110.66666666666667,129.33333333333334
111.0,129.33333333333334,111.0,129.33333333333334
111.33333333333333,129.33333333333334,111.33333333333333,129.33333333333334
111.66666666666667,129.33333333333334,111.66666666666667,129.33333333333334
112.0,129.33333333333334,112.0,129.33333333333334
112.33333333333333,129.33333333333334,112.33333333333333,129.33333333333334
112.66666666666667,129.33333333333334,112.66666666666667,129.33333333333334
113.0,129.33333333333334,113.0,129.33333333333334
113.33333333333333,129.33333333333334,113.33333333333333,129.33333333333334
113.66666666666667,129.33333333333334,113.66666666666667,129.33333333333334
114.0,129.33333333333334,114.0,129.33333333333334
114.33333333333333,129.33333333333334,114.33333333333333,129.33333333333334
114.66666666666667,129.33333333333334,114.66666666666667,129.33333333333334
115.0,129.33333333333334,115.0,129.33333333333334
115.33333333333333,129.33333333333334,115.33333333333333,129.33333333333334
115.66666666666667,129.33333333333334,115.66666666666667,129.33333333333334
116.0,129.33333333333334,116.0,129.33333333333334
116.33333333333333,129.33333333333334,116.33333333333333,129.33333333333334
116.66666666666667,129.33333333333334,116.66666666666667,129.33333333333334
117.0,129.33333333333334,117.0,129.33333333333334
117.33333333333333,129.33333333333334,117.33333333333333,129.33333333333334
117.66666666666667,129.33333333333334,117.66666666666667,129.33333333333334
118.0,129.33333333333334,118.0,129.33333333333334
118.33333333333333,129.33333333333334,118.33333333333333,129.33333333333334
118.66666666666667,129.33333333333334,118.66666666666667,129.33333333333334
119.0,129.33333333333334,119.0,129.33333333333334
119.33333333333333,129.33333333333334,119.33333333333333,129.33333333333334
119.66666666666667,129.33333333333334,119.66666666666667,129.33333333333334
120.0,129.33333333333334,120.0,129.33333333333334
120.33333333333333,129.33333333333334,120.33333333333333,129.33333333333334
120.66666666666667,129.33333333333334,120.66666666666667,129.33333333333334
121.0,129.33333333333334,121.0,129.33333333333334
121.33333333333333,129.33333333333334,121.33333333333333,129.33333333333334
121.66666666666667,129.33333333333334,121.66666666666667,129.33333333333334
122.0,129.33333333333334,122.0,129.33333333333334
122.33333333333333,129.33333333333334,122.33333333333333,129.33333333333334
122.66666666666667,129.33333333333334,122.66666666666667,129.33333333333334
123.0,129.33333333333334,123.0,129.33333333333334
123.33333333333333,129.33333333333334,123.33333333333333,129.33333333333334
123.66666666666667,129.33333333333334,123.66666666666667,129.33333333333334
124.0,129.33333333333334,124.0,129.33333333333334
124.33333333333333,129.33333333333334,124.33333333333333,129.33333333333334
124.66666666666667,129.33333333333334,124.66666666666667,129.33333333333334
125.0,129.33333333333334,125.0,129.33333333333334
125.33333333333333,129.33333333333334,125.33333333333333,129.33333333333334
125.66666666666667,129.33333333333334,125.66666666666667,129.33333333333334
126.0,129.33333333333334,126.0,129.33333333333334
126.33333333333333,129.33333333333334,126.33333333333333,129.33333333333334
126.66666666666667,129.33333333333334,126.66666666666667,129.33333333333334
127.0,129.33333333333334,127.0,129.33333333333334
127.33333333333333,129.33333333333334,127.33333333333333,129.33333333333334
127.66666666666667,129.33333333333334,127.66666666666667,129.33333333333334
128.0,129.33333333333334,128.0,129.33333333333334
128.33333333333334,129.33333333333334,128.33333333333334,129.33333333333334
128.66666666666666,129.33333333333334,128.66666666666666,129.33333333333334
129.0,129.33333333333334,129.0,129.33333333333334
129.33333333333334,129.33333333333334,129.33333333333334,129.33333333333334
129.66666666666666,129.33333333333334,129.66666666666666,129.33333333333334
130.0,129.33333333333334,130.0,129.33333333333334
130.33333333333334,129.33333333333334,130.33333333333334,129.33333333333334
130.66666666666666,129.33333333333334,130.66666666666666,129.33333333333334
131.0,129.33333333333334,131.0,129.33333333333334
131.33333333333334,129.33333333333334,131.33333333333334,129.33333333333334
131.66666666666666,129.33333333333334,131.66666666666666,129.33333333333334
132.0,129.33333333333334,132.0,129.33333333333334
132.33333333333334,129.33333333333334,132.33333333333334,129.33333333333334
132.66666666666666,129.33333333333334,132.66666666666666,129.33333333333334
133.0,129.33333333333334,133.0,129.33333333333334
133.33333333333334,129.33333333333334,133.33333333333334,129.33333333333334
133.66666666666666,129.33333333333334,133.66666666666666,129.33333333333334
134.0,129.33333333333334,134.0,129.33333333333334
134.33333333333334,129.33333333333334,134.33333333333334,129.33333333333334
134.66666666666666,129.33333333333334,134.66666666666666,129.33333333333334
135.0,129.33333333333334,135.0,129.33333333333334
135.33333333333334,129.33333333333334,135.33333333333334,129.33333333333334
135.66666666666666,129.33333333333334,135.66666666666666,129.33333333333334
136.0,129.33333333333334,136.0,129.33333333333334
136.33333333333334,129.33333333333334,136.33333333333334,129.33333333333334
136.66666666666666,129.33333333333334,136.66666666666666,129.33333333333334
110.66666666666667,129.66666666666666,110.66666666666667,129.66666666666666
111.0,129.66666666666666,111.0,129.66666666666666
111.33333333333333,129.66666666666666,111.33333333333333,129.66666666666666
111.66666666666667,129.66666666666666,111.66666666666667,129.66666666666666
112.0,129.66666666666666,112.0,129.66666666666666
112.33333333333333,129.66666666666666,112.33333333333333,129.66666666666666
112.66666666666667,129.66666666666666,112.66666666666667,129.66666666666666
113.0,129.66666666666666,113.0,129.66666666666666
113.33333333333333,129.66666666666666,113.33333333333333,129.66666666666666
113.66666666666667,129.66666666666666,113.66666666666667,129.66666666666666
114.0,129.66666666666666,114.0,129.66666666666666
114.33333333333333,129.66666666666666,114.33333333333333,129.66666666666666
114.66666666666667,129.66666666666666,114.66666666666667,129.66666666666666
115.0,129.66666666666666,115.0,129.66666666666666
115.33333333333333,129.66666666666666,115.33333333333333,129.66666666666666
115.66666666666667,129.66666666666666,115.66666666666667,129.66666666666666
116.0,129.66666666666666,116.0,129.66666666666666
116.33333333333333,129.66666666666666,116.33333333333333,129.66666666666666
116.66666666666667,129.66666666666666,116.66666666666667,129.66666666666666
117.0,129.66666666666666,117.0,129.66666666666666
117.33333333333333,129.66666666666666,117.33333333333333,129.66666666666666
117.66666666666667,129.66666666666666,117.66666666666667,129.66666666666666
118.0,129.66666666666666,118.0,129.66666666666666
118.33333333333333,129.66666666666666,118.33333333333333,129.66666666666666
118.66666666666667,129.66666666666666,118.66666666666667,129.66666666666666
119.0,129.66666666666666,119.0,129.66666666666666
119.33333333333333,129.66666666666666,119.33333333333333,129.66666666666666
119.66666666666667,129.66666666666666,119.66666666666667,129.66666666666666
120.0,129.66666666666666,120.0,129.66666666666666
120.33333333333333,129.66666666666666,120.33333333333333,129.66666666666666
120.66666666666667,129.66666666666666,120.66666666666667,129.66666666666666
121.0,129.66666666666666,121.0,129.66666666666666
121.33333333333333,129.66666666666666,121.33333333333333,129.66666666666666
121.66666666666667,129.66666666666666,121.66666666666667,129.66666666666666
122.0,129.66666666666666,122.0,129.66666666666666
122.33333333333333,129.66666666666666,122.33333333333333,129.66666666666666
122.66666666666667,129.66666666666666,122.66666666666667,129.66666666666666
123.0,129.66666666666666,123.0,129.66666666666666
123.33333333333333,129.66666666666666,123.33333333333333,129.66666666666666
123.66666666666667,129.66666666666666,123.66666666666667,129.66666666666666
124.0,129.66666666666666,124.0,129.66666666666666
124.33333333333333,129.66666666666666,124.33333333333333,129.66666666666666
124.66666666666667,129.66666666666666,124.66666666666667,129.66666666666666
125.0,129.66666666666666,125.0,129.66666666666666
125.33333333333333,129.66666666666666,125.33333333333333,129.66666666666666
125.66666666666667,129.66666666666666,125.66666666666667,129.66666666666666
126.0,129.66666666666666,126.0,129.66666666666666
126.33333333333333,129.66666666666666,126.33333333333333,129.66666666666666
126.66666666666667,129.66666666666666,126.66666666666667,129.66666666666666
127.0,129.66666666666666,127.0,129.66666666666666
127.33333333333333,129.66666666666666,127.33333333333333,129.66666666666666
127.66666666666667,129.66666666666666,127.66666666666667,129.66666666666666
128.0,129.66666666666666,128.0,129.66666666666666
128.33333333333334,129.66666666666666,128.33333333333334,129.66666666666666
128.66666666666666,129.66666666666666,128.66666666666666,129.66666666666666
129.0,129.66666666666666,129.0,129.66666666666666
129.33333333333334,129.66666666666666,129.33333333333334,129.66666666666666
129.66666666666666,129.66666666666666,129.66666666666666,129.66666666666666
130.0,129.66666666666666,130.0,129.66666666666666
130.33333333333334,129.66666666666666,130.33333333333334,129.66666666666666
130.66666666666666,129.66666666666666,130.66666666666666,129.66666666666666
131.0,129.66666666666666,131.0,129.66666666666666
131.33333333333334,129.66666666666666,131.33333333333334,129.66666666666666
131.66666666666666,129.66666666666666,131.66666666666666,129.66666666666666
132.0,129.66666666666666,132.0,129.66666666666666
132.33333333333334,129.66666666666666,132.33333333333334,129.66666666666666
132.66666666666666,129.66666666666666,132.66666666666666,129.66666666666666
133.0,129.66666666666666,133.0,129.66666666666666
133.33333333333334,129.66666666666666,133.33333333333334,129.66666666666666
133.66666666666666,129.66666666666666,133.66666666666666,129.66666666666666
134.0,129.66666666666666,134.0,129.66666666666666
134.33333333333334,129.66666666666666,134.33333333333334,129.66666666666666
134.66666666666666,129.66666666666666,134.66666666666666,129.66666666666666
135.0,129.66666666666666,135.0,129.66666666666666
135.33333333333334,129.66666666666666,135.33333333333334,129.66666666666666
135.66666666666666,129.66666666666666,135.66666666666666,129.66666666666666
136.0,129.66666666666666,136.0,129.66666666666666
136.33333333333334,129.66666666666666,136.33333333333334,129.66666666666666
136.66666666666666,129.66666666666666,136.66666666666666,129.66666666666666
137.0,129.66666666666666,137.0,129.66666666666666
110.66666666666667,130.0,110.66666666666667,130.0
111.0,130.0,111.0,130.0
111.33333333333333,130.0,111.33333333333333,130.0
111.66666666666667,130.0,111.66666666666667,130.0
112.0,130.0,112.0,130.0
112.33333333333333,130.0,112.33333333333333,130.0
112.66666666666667,130.0,112.66666666666667,130.0
113.0,130.0,113.0,130.0
113.33333333333333,130.0,113.33333333333333,130.0
113.66666666666667,130.0,113.66666666666667,130.0
114.0,130.0,114.0,130.0
114.33333333333333,130.0,114.33333333333333,130.0
114.66666666666667,130.0,114.66666666666667,130.0
115.0,130.0,115.0,130.0
115.33333333333333,130.0,115.33333333333333,130.0
115.66666666666667,130.0,115.66666666666667,130.0
116.0,130.0,116.0,130.0
116.33333333333333,130.0,116.33333333333333,130.0
116.66666666666667,130.0,116.66666666666667,130.0
117.0,130.0,117.0,130.0
117.33333333333333,130.0,117.33333333333333,130.0
117.66666666666667,130.0,117.66666666666667,130.0
118.0,130.0,118.0,130.0
118.33333333333333,130.0,118.33333333333333,130.0
118.66666666666667,130.0,118.66666666666667,130.0
119.0,130.0,119.0,130.0
119.33333333333333,130.0,119.33333333333333,130.0
119.66666666666667,130.0,119.66666666666667,130.0
120.0,130.0,120.0,130.0
120.33333333333333,130.0,120.33333333333333,130.0
120.66666666666667,130.0,120.66666666666667,130.0
121.0,130.0,121.0,130.0
121.33333333333333,130.0,121.33333333333333,130.0
121.66666666666667,130.0,121.66666666666667,130.0
122.0,130.0,122.0,130.0
122.33333333333333,130.0,122.33333333333333,130.0
122.66666666666667,130.0,122.66666666666667,130.0
123.0,130.0,123.0,130.0
123.33333333333333,130.0,123.33333333333333,130.0
123.66666666666667,130.0,123.66666666666667,130.0
124.0,130.0,124.0,130.0
124.33333333333333,130.0,124.33333333333333,130.0
124.66666666666667,130.0,124.66666666666667,130.0
125.0,130.0,125.0,130.0
125.33333333333333,130.0,125.33333333333333,130.0
125.66666666666667,130.0,125.66666666666667,130.0
126.0,130.0,126.0,130.0
126.33333333333333,130.0,126.33333333333333,130.0
126.66666666666667,130.0,126.66666666666667,130.0
127.0,130.0,127.0,130.0
127.33333333333333,130.0,127.33333333333333,130.0
127.66666666666667,130.0,127.66666666666667,130.0
128.0,130.0,128.0,130.0
128.33333333333334,130.0,128.33333333333334,130.0
128.66666666666666,130.0,128.66666666666666,130.0
129.0,130.0,129.0,130.0
129.33333333333334,130.0,129.33333333333334,130.0
129.66666666666666,130.0,129.66666666666666,130.0
130.0,130.0,130.0,130.0
130.33333333333334,130.0,130.33333333333334,130.0
130.66666666666666,130.0,130.66666666666666,130.0
131.0,130.0,131.0,130.0
131.33333333333334,130.0,131.33333333333334,130.0
131.66666666666666,130.0,131.66666666666666,130.0
132.0,130.0,132.0,130.0
132.33333333333334,130.0,132.33333333333334,130.0
132.66666666666666,130.0,132.66666666666666,130.0
133.0,130.0,133.0,130.0
133.33333333333334,130.0,133.33333333333334,130.0
133.66666666666666,130.0,133.66666666666666,130.0
134.0,130.0,134.0,130.0
134.33333333333334,130.0,134.33333333333334,130.0
134.66666666666666,130.0,134.66666666666666,130.0
135.0,130.0,135.0,130.0
135.33333333333334,130.0,135.33333333333334,130.0
135.66666666666666,130.0,135.66666666666666,130.0
136.0,130.0,136.0,130.0
136.33333333333334,130.0,136.33333333333334,130.0
136.66666666666666,130.0,136.66666666666666,130.0
137.0,130.0,137.0,130.0
110.66666666666667,130.33333333333334,110.66666666666667,130.33333333333334
111.0,130.33333333333334,111.0,130.33333333333334
111.33333333333333,130.33333333333334,111.33333333333333,130.33333333333334
111.66666666666667,130.33333333333334,111.66666666666667,130.33333333333334
112.0,130.33333333333334,112.0,130.33333333333334
112.33333333333333,130.33333333333334,112.33333333333333,130.33333333333334
112.66666666666667,130.33333333333334,112.66666666666667,130.33333333333334
113.0,130.33333333333334,113.0,130.33333333333334
113.33333333333333,130.33333333333334,113.33333333333333,130.33333333333334
113.66666666666667,130.33333333333334,113.66666666666667,130.33333333333334
114.0,130.33333333333334,114.0,130.33333333333334
114.33333333333333,130.33333333333334,114.33333333333333,130.33333333333334
114.66666666666667,130.33333333333334,114.66666666666667,130.33333333333334
115.0,130.33333333333334,115.0,130.33333333333334
115.33333333333333,130.33333333333334,115.33333333333333,130.33333333333334
115.66666666666667,130.33333333333334,115.66666666666667,130.33333333333334
116.0,130.33333333333334,116.0,130.33333333333334
116.33333333333333,130.33333333333334,116.33333333333333,130.33333333333334
116.66666666666667,130.33333333333334,116.66666666666667,130.33333333333334
117.0,130.33333333333334,117.0,130.33333333333334
117.33333333333333,130.33333333333334,117.33333333333333,130.33333333333334
117.66666666666667,130.33333333333334,117.66666666666667,130.33333333333334
118.0,130.33333333333334,118.0,130.33333333333334
118.33333333333333,130.33333333333334,118.33333333333333,130.33333333333334
118.66666666666667,130.33333333333334,118.66666666666667,130.33333333333334
119.0,130.33333333333334,119.0,130.33333333333334
119.33333333333333,130.33333333333334,119.33333333333333,130.33333333333334
119.66666666666667,130.33333333333334,119.66666666666667,130.33333333333334
120.0,130.33333333333334,120.0,130.33333333333334
120.33333333333333,130.33333333333334,120.33333333333333,130.33333333333334
120.66666666666667,130.33333333333334,120.66666666666667,130.33333333333334
121.0,130.33333333333334,121.0,130.33333333333334
121.33333333333333,130.33333333333334,121.33333333333333,130.33333333333334
121.66666666666667,130.33333333333334,121.66666666666667,130.33333333333334
122.0,130.33333333333334,122.0,130.33333333333334
122.33333333333333,130.33333333333334,122.33333333333333,130.33333333333334
122.66666666666667,130.33333333333334,122.66666666666667,130.33333333333334
123.0,130.33333333333334,123.0,130.33333333333334
123.33333333333333,130.33333333333334,123.33333333333333,130.33333333333334
123.66666666666667,130.33333333333334,123.66666666666667,130.33333333333334
124.0,130.33333333333334,124.0,130.33333333333334
124.33333333333333,130.33333333333334,124.33333333333333,130.33333333333334
124.66666666666667,130.33333333333334,124.66666666666667,130.33333333333334
125.0,130.33333333333334,125.0,130.33333333333334
125.33333333333333,130.33333333333334,125.33333333333333,130.33333333333334
125.66666666666667,130.33333333333334,125.66666666666667,130.33333333333334
126.0,130.33333333333334,126.0,130.33333333333334
126.33333333333333,130.33333333333334,126.33333333333333,130.33333333333334
126.66666666666667,130.33333333333334,126.66666666666667,130.33333333333334
127.0,130.33333333333334,127.0,130.33333333333334
127.33333333333333,130.33333333333334,127.33333333333333,130.33333333333334
127.66666666666667,130.33333333333334,127.66666666666667,130.33333333333334
128.0,130.33333333333334,128.0,130.33333333333334
128.33333333333334,130.33333333333334,128.33333333333334,130.33333333333334
128.66666666666666,130.33333333333334,128.66666666666666,130.33333333333334
129.0,130.33333333333334,129.0,130.33333333333334
129.33333333333334,130.33333333333334,129.33333333333334,130.33333333333334
129.66666666666666,130.33333333333334,129.66666666666666,130.33333333333334
130.0,130.33333333333334,130.0,130.33333333333334
130.33333333333334,130.33333333333334,130.33333333333334,130.33333333333334
130.66666666666666,130.33333333333334,130.66666666666666,130.33333333333334
131.0,130.33333333333334,131.0,130.33333333333334
131.33333333333334,130.33333333333334,131.33333333333334,130.33333333333334
131.66666666666666,130.33333333333334,131.66666666666666,130.33333333333334
132.0,130.33333333333334,132.0,130.33333333333334
132.33333333333334,130.33333333333334,132.33333333333334,130.33333333333334
132.66666666666666,130.33333333333334,132.66666666666666,130.33333333333334
133.0,130.33333333333334,133.0,130.33333333333334
133.33333333333334,130.33333333333334,133.33333333333334,130.33333333333334
133.66666666666666,130.33333333333334,133.66666666666666,130.33333333333334
134.0,130.33333333333334,134.0,130.33333333333334
134.33333333333334,130.33333333333334,134.33333333333334,130.33333333333334
134.66666666666666,130.33333333333334,134.66666666666666,130.33333333333334
135.0,130.33333333333334,135.0,130.33333333333334
135.33333333333334,130.33333333333334,135.33333333333334,130.33333333333334
135.66666666666666,130.33333333333334,135.66666666666666,130.33333333333334
136.0,130.33333333333334,136.0,130.33333333333334
136.33333333333334,130.33333333333334,136.33333333333334,130.33333333333334
136.66666666666666,130.33333333333334,136.66666666666666,130.33333333333334
137.0,130.33333333333334,137.0,130.33333333333334
110.33333333333333,130.66666666666666,110.33333333333333,130.66666666666666
110.66666666666667,130.66666666666666,110.66666666666667,130.66666666666666
111.0,130.66666666666666,111.0,130.66666666666666
111.33333333333333,130.66666666666666,111.33333333333333,130.66666666666666
111.66666666666667,130.66666666666666,111.66666666666667,130.66666666666666
112.0,130.66666666666666,112.0,130.66666666666666
112.33333333333333,130.66666666666666,112.33333333333333,130.66666666666666
112.66666666666667,130.66666666666666,112.66666666666667,130.66666666666666
113.0,130.66666666666666,113.0,130.66666666666666
113.33333333333333,130.66666666666666,113.33333333333333,130.66666666666666
113.66666666666667,130.66666666666666,113.66666666666667,130.66666666666666
114.0,130.66666666666666,114.0,130.66666666666666
114.33333333333333,130.66666666666666,114.33333333333333,130.66666666666666
114.66666666666667,130.66666666666666,114.66666666666667,130.66666666666666
115.0,130.66666666666666,115.0,130.66666666666666
115.33333333333333,130.66666666666666,115.33333333333333,130.66666666666666
115.66666666666667,130.66666666666666,115.66666666666667,130.66666666666666
116.0,130.66666666666666,116.0,130.66666666666666
116.33333333333333,130.66666666666666,116.33333333333333,130.66666666666666
116.66666666666667,130.66666666666666,116.66666666666667,130.66666666666666
117.0,130.66666666666666,117.0,130.66666666666666
117.33333333333333,130.66666666666666,117.33333333333333,130.66666666666666
117.66666666666667,130.66666666666666,117.66666666666667,130.66666666666666
118.0,130.66666666666666,118.0,130.66666666666666
118.33333333333333,130.66666666666666,118.33333333333333,130.66666666666666
118.66666666666667,130.66666666666666,118.66666666666667,130.66666666666666
119.0,130.66666666666666,119.0,130.66666666666666
119.33333333333333,130.66666666666666,119.33333333333333,130.66666666666666
119.66666666666667,130.66666666666666,119.66666666666667,130.66666666666666
120.0,130.66666666666666,120.0,130.66666666666666
120.33333333333333,130.66666666666666,120.33333333333333,130.66666666666666
120.66666666666667,130.66666666666666,120.66666666666667,130.66666666666666
121.0,130.66666666666666,121.0,130.66666666666666
121.33333333333333,130.66666666666666,121.33333333333333,130.66666666666666
121.66666666666667,130.66666666666666,121.66666666666667,130.66666666666666
122.0,130.66666666666666,122.0,130.66666666666666
122.33333333333333,130.66666666666666,122.33333333333333,130.66666666666666
122.66666666666667,130.66666666666666,122.66666666666667,130.66666666666666
123.0,130.66666666666666,123.0,130.66666666666666
123.33333333333333,130.66666666666666,123.33333333333333,130.66666666666666
123.66666666666667,130.66666666666666,123.66666666666667,130.66666666666666
124.0,130.66666666666666,124.0,130.66666666666666
124.33333333333333,130.66666666666666,124.33333333333333,130.66666666666666
124.66666666666667,130.66666666666666,124.66666666666667,130.66666666666666
125.0,130.66666666666666,125.0,130.66666666666666
125.33333333333333,130.66666666666666,125.33333333333333,130.66666666666666
125.66666666666667,130.66666666666666,125.66666666666667,130.66666666666666
126.0,130.66666666666666,126.0,130.66666666666666
126.33333333333333,130.66666666666666,126.33333333333333,130.66666666666666
126.66666666666667,130.66666666666666,126.66666666666667,130.66666666666666
127.0,130.66666666666666,127.0,130.66666666666666
127.33333333333333,130.66666666666666,127.33333333333333,130.66666666666666
127.66666666666667,130.66666666666666,127.66666666666667,130.66666666666666
128.0,130.66666666666666,128.0,130.66666666666666
128.33333333333334,130.66666666666666,128.33333333333334,130.66666666666666
128.66666666666666,130.66666666666666,128.66666666666666,130.66666666666666
129.0,130.66666666666666,129.0,130.66666666666666
129.33333333333334,130.66666666666666,129.33333333333334,130.66666666666666
129.66666666666666,130.66666666666666,129.66666666666666,130.66666666666666
130.0,130.66666666666666,130.0,130.66666666666666
130.33333333333334,130.66666666666666,130.33333333333334,130.66666666666666
130.66666666666666,130.66666666666666,130.66666666666666,130.66666666666666
131.0,130.66666666666666,131.0,130.66666666666666
131.33333333333334,130.66666666666666,131.33333333333334,130.66666666666666
131.66666666666666,130.66666666666666,131.66666666666666,130.66666666666666
132.0,130.66666666666666,132.0,130.66666666666666
132.33333333333334,130.66666666666666,132.33333333333334,130.66666666666666
132.66666666666666,130.66666666666666,132.66666666666666,130.66666666666666
133.0,130.66666666666666,133.0,130.66666666666666
133.33333333333334,130.66666666666666,133.33333333333334,130.66666666666666
133.66666666666666,130.66666666666666,133.66666666666666,130.66666666666666
134.0,130.66666666666666,134.0,130.66666666666666
134.33333333333334,130.66666666666666,134.33333333333334,130.66666666666666
134.66666666666666,130.66666666666666,134.66666666666666,130.66666666666666
135.0,130.66666666666666,135.0,130.66666666666666
135.33333333333334,130.66666666666666,135.33333333333334,130.66666666666666
135.66666666666666,130.66666666666666,135.66666666666666,130.66666666666666
136.0,130.66666666666666,136.0,130.66666666666666
136.33333333333334,130.66666666666666,136.33333333333334,130.66666666666666
136.66666666666666,130.66666666666666,136.66666666666666,130.66666666666666
137.0,130.66666666666666,137.0,130.66666666666666
110.33333333333333,131.0,110.33333333333333,131.0
110.66666666666667,131.0,110.66666666666667,131.0
111.0,131.0,111.0,131.0
111.33333333333333,131.0,111.33333333333333,131.0
111.66666666666667,131.0,111.66666666666667,131.0
112.0,131.0,112.0,131.0
112.33333333333333,131.0,112.33333333333333,131.0
112.66666666666667,131.0,112.66666666666667,131.0
113.0,131.0,113.0,131.0
113.33333333333333,131.0,113.33333333333333,131.0
113.66666666666667,131.0,113.66666666666667,131.0
114.0,131.0,114.0,131.0
114.33333333333333,131.0,114.33333333333333,131.0
114.66666666666667,131.0,114.66666666666667,131.0
115.0,131.0,115.0,131.0
115.33333333333333,131.0,115.33333333333333,131.0
115.66666666666667,131.0,115.66666666666667,131.0
116.0,131.0,116.0,131.0
116.33333333333333,131.0,116.33333333333333,131.0
116.66666666666667,131.0,116.66666666666667,131.0
117.0,131.0,117.0,131.0
117.33333333333333,131.0,117.33333333333333,131.0
117.66666666666667,131.0,117.66666666666667,131.0
118.0,131.0,118.0,131.0
118.33333333333333,131.0,118.33333333333333,131.0
118.66666666666667,131.0,118.66666666666667,131.0
119.0,131.0,119.0,131.0
119.33333333333333,131.0,119.33333333333333,131.0
119.66666666666667,131.0,119.66666666666667,131.0
120.0,131.0,120.0,131.0
120.33333333333333,131.0,120.33333333333333,131.0
120.66666666666667,131.0,120.66666666666667,131.0
121.0,131.0,121.0,131.0
121.33333333333333,131.0,121.33333333333333,131.0
121.66666666666667,131.0,121.66666666666667,131.0
122.0,131.0,122.0,131.0
122.33333333333333,131.0,122.33333333333333,131.0
122.66666666666667,131.0,122.66666666666667,131.0
123.0,131.0,123.0,131.0
123.33333333333333,131.0,123.33333333333333,131.0
123.66666666666667,131.0,123.66666666666667,131.0
124.0,131.0,124.0,131.0
124.33333333333333,131.0,124.33333333333333,131.0
124.66666666666667,131.0,124.66666666666667,131.0
125.0,131.0,125.0,131.0
125.33333333333333,131.0,125.33333333333333,131.0
125.66666666666667,131.0,125.66666666666667,131.0
126.0,131.0,126.0,131.0
126.33333333333333,131.0,126.33333333333333,131.0
126.66666666666667,131.0,126.66666666666667,131.0
127.0,131.0,127.0,131.0
127.33333333333333,131.0,127.33333333333333,131.0
127.66666666666667,131.0,127.66666666666667,131.0
128.0,131.0,128.0,131.0
128.33333333333334,131.0,128.33333333333334,131.0
128.66666666666666,131.0,128.66666666666666,131.0
129.0,131.0,129.0,131.0
129.33333333333334,131.0,129.33333333333334,131.0
129.66666666666666,131.0,129.66666666666666,131.0
130.0,131.0,130.0,131.0
130.33333333333334,131.0,130.33333333333334,131.0
130.66666666666666,131.0,130.66666666666666,131.0
131.0,131.0,131.0,131.0
131.33333333333334,131.0,131.33333333333334,131.0
131.66666666666666,131.0,131.66666666666666,131.0
132.0,131.0,132.0,131.0
132.33333333333334,131.0,132.33333333333334,131.0
132.66666666666666,131.0,132.66666666666666,131.0
133.0,131.0,133.0,131.0
133.33333333333334,131.0,133.33333333333334,131.0
133.66666666666666,131.0,133.66666666666666,131.0
134.0,131.0,134.0,131.0
134.33333333333334,131.0,134.33333333333334,131.0
134.66666666666666,131.0,134.66666666666666,131.0
135.0,131.0,135.0,131.0
135.33333333333334,131.0,135.33333333333334,131.0
135.66666666666666,131.0,135.66666666666666,131.0
136.0,131.0,136.0,131.0
136.33333333333334,131.0,136.33333333333334,131.0
136.66666666666666,131.0,136.66666666666666,131.0
137.0,131.0,137.0,131.0
110.0,131.33333333333334,110.0,131.33333333333334
110.33333333333333,131.33333333333334,110.33333333333333,131.33333333333334
110.66666666666667,131.33333333333334,110.66666666666667,131.33333333333334
111.0,131.33333333333334,111.0,131.33333333333334
111.33333333333333,131.33333333333334,111.33333333333333,131.33333333333334
111.66666666666667,131.33333333333334,111.66666666666667,131.33333333333334
112.0,131.33333333333334,112.0,131.33333333333334
112.33333333333333,131.33333333333334,112.33333333333333,131.33333333333334
112.66666666666667,131.33333333333334,112.66666666666667,131.33333333333334
113.0,131.33333333333334,113.0,131.33333333333334
113.33333333333333,131.33333333333334,113.33333333333333,131.33333333333334
113.66666666666667,131.33333333333334,113.66666666666667,131.33333333333334
114.0,131.33333333333334,114.0,131.33333333333334
114.33333333333333,131.33333333333334,114.33333333333333,131.33333333333334
114.66666666666667,131.33333333333334,114.66666666666667,131.33333333333334
115.0,131.33333333333334,115.0,131.33333333333334
115.33333333333333,131.33333333333334,115.33333333333333,131.33333333333334
115.66666666666667,131.33333333333334,115.66666666666667,131.33333333333334
116.0,131.33333333333334,116.0,131.33333333333334
116.33333333333333,131.33333333333334,116.33333333333333,131.33333333333334
116.66666666666667,131.33333333333334,116.66666666666667,131.33333333333334
117.0,131.33333333333334,117.0,131.33333333333334
117.33333333333333,131.33333333333334,117.33333333333333,131.33333333333334
117.66666666666667,131.33333333333334,117.66666666666667,131.33333333333334
118.0,131.33333333333334,118.0,131.33333333333334
118.33333333333333,131.33333333333334,118.33333333333333,131.33333333333334
118.66666666666667,131.33333333333334,118.66666666666667,131.33333333333334
119.0,131.33333333333334,119.0,131.33333333333334
119.33333333333333,131.33333333333334,119.33333333333333,131.33333333333334
119.66666666666667,131.33333333333334,119.66666666666667,131.33333333333334
120.0,131.33333333333334,120.0,131.33333333333334
120.33333333333333,131.33333333333334,120.33333333333333,131.33333333333334
120.66666666666667,131.33333333333334,120.66666666666667,131.33333333333334
121.0,131.33333333333334,121.0,131.33333333333334
121.33333333333333,131.33333333333334,121.33333333333333,131.33333333333334
121.66666666666667,131.33333333333334,121.66666666666667,131.33333333333334
122.0,131.33333333333334,122.0,131.33333333333334
122.33333333333333,131.33333333333334,122.33333333333333,131.33333333333334
122.66666666666667,131.33333333333334,122.66666666666667,131.33333333333334
123.0,131.33333333333334,123.0,131.33333333333334
123.33333333333333,131.33333333333334,123.33333333333333,131.33333333333334
123.66666666666667,131.33333333333334,123.66666666666667,131.33333333333334
124.0,131.33333333333334,124.0,131.33333333333334
124.33333333333333,131.33333333333334,124.33333333333333,131.33333333333334
124.66666666666667,131.33333333333334,124.66666666666667,131.33333333333334
125.0,131.33333333333334,125.0,131.33333333333334
125.33333333333333,131.33333333333334,125.33333333333333,131.33333333333334
125.66666666666667,131.33333333333334,125.66666666666667,131.33333333333334
126.0,131.33333333333334,126.0,131.33333333333334
126.33333333333333,131.33333333333334,126.33333333333333,131.33333333333334
126.66666666666667,131.33333333333334,126.66666666666667,131.33333333333334
127.0,131.33333333333334,127.0,131.33333333333334
127.33333333333333,131.33333333333334,127.33333333333333,131.33333333333334
127.66666666666667,131.33333333333334,127.66666666666667,131.33333333333334
128.0,131.33333333333334,128.0,131.33333333333334
128.33333333333334,131.33333333333334,128.33333333333334,131.33333333333334
128.66666666666666,131.33333333333334,128.66666666666666,131.33333333333334
129.0,131.33333333333334,129.0,131.33333333333334
129.33333333333334,131.33333333333334,129.33333333333334,131.33333333333334
129.66666666666666,131.33333333333334,129.66666666666666,131.33333333333334
130.0,131.33333333333334,130.0,131.33333333333334
130.33333333333334,131.33333333333334,130.33333333333334,131.33333333333334
130.66666666666666,131.33333333333334,130.66666666666666,131.33333333333334
131.0,131.33333333333334,131.0,131.33333333333334
131.33333333333334,131.33333333333334,131.33333333333334,131.33333333333334
131.66666666666666,131.33333333333334,131.66666666666666,131.33333333333334
132.0,131.33333333333334,132.0,131.33333333333334
132.33333333333334,131.33333333333334,132.33333333333334,131.33333333333334
132.66666666666666,131.33333333333334,132.66666666666666,131.33333333333334
133.0,131.33333333333334,133.0,131.33333333333334
133.33333333333334,131.33333333333334,133.33333333333334,131.33333333333334
133.66666666666666,131.33333333333334,133.66666666666666,131.33333333333334
134.0,131.33333333333334,134.0,131.33333333333334
134.33333333333334,131.33333333333334,134.33333333333334,131.33333333333334
134.66666666666666,131.33333333333334,134.66666666666666,131.33333333333334
135.0,131.33333333333334,135.0,131.33333333333334
135.33333333333334,131.33333333333334,135.33333333333334,131.33333333333334
135.66666666666666,131.33333333333334,135.66666666666666,131.33333333333334
136.0,131.33333333333334,136.0,131.33333333333334
136.33333333333334,131.33333333333334,136.33333333333334,131.33333333333334
136.66666666666666,131.33333333333334,136.66666666666666,131.33333333333334
137.0,131.33333333333334,137.0,131.33333333333334
110.0,131.66666666666666,110.0,131.66666666666666
110.33333333333333,131.66666666666666,110.33333333333333,131.66666666666666
110.66666666666667,131.66666666666666,110.66666666666667,131.66666666666666
111.0,131.66666666666666,111.0,131.66666666666666
111.33333333333333,131.66666666666666,111.33333333333333,131.66666666666666
111.66666666666667,131.66666666666666,111.66666666666667,131.66666666666666
112.0,131.66666666666666,112.0,131.66666666666666
112.33333333333333,131.66666666666666,112.33333333333333,131.66666666666666
112.66666666666667,131.66666666666666,112.66666666666667,131.66666666666666
113.0,131.66666666666666,113.0,131.66666666666666
113.33333333333333,131.66666666666666,113.33333333333333,131.66666666666666
113.66666666666667,131.66666666666666,113.66666666666667,131.66666666666666
114.0,131.66666666666666,114.0,131.66666666666666
114.33333333333333,131.66666666666666,114.33333333333333,131.66666666666666
114.66666666666667,131.66666666666666,114.66666666666667,131.66666666666666
115.0,131.66666666666666,115.0,131.66666666666666
115.33333333333333,131.66666666666666,115.33333333333333,131.66666666666666
115.66666666666667,131.66666666666666,115.66666666666667,131.66666666666666
116.0,131.66666666666666,116.0,131.66666666666666
116.33333333333333,131.66666666666666,116.33333333333333,131.66666666666666
116.66666666666667,131.66666666666666,116.66666666666667,131.66666666666666
117.0,131.66666666666666,117.0,131.66666666666666
117.33333333333333,131.66666666666666,117.33333333333333,131.66666666666666
117.66666666666667,131.66666666666666,117.66666666666667,131.66666666666666
118.0,131.66666666666666,118.0,131.66666666666666
118.33333333333333,131.66666666666666,118.33333333333333,131.66666666666666
118.66666666666667,131.66666666666666,118.66666666666667,131.66666666666666
119.0,131.66666666666666,119.0,131.66666666666666
119.33333333333333,131.66666666666666,119.33333333333333,131.66666666666666
119.66666666666667,131.66666666666666,119.66666666666667,131.66666666666666
120.0,131.66666666666666,120.0,131.66666666666666
120.33333333333333,131.66666666666666,120.33333333333333,131.66666666666666
120.66666666666667,131.66666666666666,120.66666666666667,131.66666666666666
121.0,131.66666666666666,121.0,131.66666666666666
121.33333333333333,131.66666666666666,121.33333333333333,131.66666666666666
121.66666666666667,131.66666666666666,121.66666666666667,131.66666666666666
122.0,131.66666666666666,122.0,131.66666666666666
122.33333333333333,131.66666666666666,122.33333333333333,131.66666666666666
122.66666666666667,131.66666666666666,122.66666666666667,131.66666666666666
123.0,131.66666666666666,123.0,131.66666666666666
123.33333333333333,131.66666666666666,123.33333333333333,131.66666666666666
123.66666666666667,131.66666666666666,123.66666666666667,131.66666666666666
124.0,131.66666666666666,124.0,131.66666666666666
124.33333333333333,131.66666666666666,124.33333333333333,131.66666666666666
124.66666666666667,131.66666666666666,124.66666666666667,131.66666666666666
125.0,131.66666666666666,125.0,131.66666666666666
125.33333333333333,131.66666666666666,125.33333333333333,131.66666666666666
125.66666666666667,131.66666666666666,125.66666666666667,131.66666666666666
126.0,131.66666666666666,126.0,131.66666666666666
126.33333333333333,131.66666666666666,126.33333333333333,131.66666666666666
126.66666666666667,131.66666666666666,126.66666666666667,131.66666666666666
127.0,131.66666666666666,127.0,131.66666666666666
127.33333333333333,131.66666666666666,127.33333333333333,131.66666666666666
127.66666666666667,131.66666666666666,127.66666666666667,131.66666666666666
128.0,131.66666666666666,128.0,131.66666666666666
128.33333333333334,131.66666666666666,128.33333333333334,131.66666666666666
128.66666666666666,131.66666666666666,128.66666666666666,131.66666666666666
129.0,131.66666666666666,129.0,131.66666666666666
129.33333333333334,131.66666666666666,129.33333333333334,131.66666666666666
129.66666666666666,131.66666666666666,129.66666666666666,131.66666666666666
130.0,131.66666666666666,130.0,131.66666666666666
130.33333333333334,131.66666666666666,130.33333333333334,131.66666666666666
130.66666666666666,131.66666666666666,130.66666666666666,131.66666666666666
131.0,131.66666666666666,131.0,131.66666666666666
131.33333333333334,131.66666666666666,131.33333333333334,131.66666666666666
131.66666666666666,131.66666666666666,131.66666666666666,131.66666666666666
132.0,131.66666666666666,132.0,131.66666666666666
132.33333333333334,131.66666666666666,132.33333333333334,131.66666666666666
132.66666666666666,131.66666666666666,132.66666666666666,131.66666666666666
133.0,131.66666666666666,133.0,131.66666666666666
133.33333333333334,131.66666666666666,133.33333333333334,131.66666666666666
133.66666666666666,131.66666666666666,133.66666666666666,131.66666666666666
134.0,131.66666666666666,134.0,131.66666666666666
134.33333333333334,131.66666666666666,134.33333333333334,131.66666666666666
134.66666666666666,131.66666666666666,134.66666666666666,131.66666666666666
135.0,131.66666666666666,135.0,131.66666666666666
135.33333333333334,131.66666666666666,135.33333333333334,131.66666666666666
135.66666666666666,131.66666666666666,135.66666666666666,131.66666666666666
136.0,131.66666666666666,136.0,131.66666666666666
136.33333333333334,131.66666666666666,136.33333333333334,131.66666666666666
136.66666666666666,131.66666666666666,136.66666666666666,131.66666666666666
137.0,131.66666666666666,137.0,131.66666666666666
110.0,132.0,110.0,132.0
110.33333333333333,132.0,110.33333333333333,132.0
110.66666666666667,132.0,110.66666666666667,132.0
111.0,132.0,111.0,132.0
111.33333333333333,132.0,111.33333333333333,132.0
111.66666666666667,132.0,111.66666666666667,132.0
112.0,132.0,112.0,132.0
112.33333333333333,132.0,112.33333333333333,132.0
112.66666666666667,132.0,112.66666666666667,132.0
113.0,132.0,113.0,132.0
113.33333333333333,132.0,113.33333333333333,132.0
113.66666666666667,132.0,113.66666666666667,132.0
114.0,132.0,114.0,132.0
114.33333333333333,132.0,114.33333333333333,132.0
114.66666666666667,132.0,114.66666666666667,132.0
115.0,132.0,115.0,132.0
115.33333333333333,132.0,115.33333333333333,132.0
115.66666666666667,132.0,115.66666666666667,132.0
116.0,132.0,116.0,132.0
116.33333333333333,132.0,116.33333333333333,132.0
116.66666666666667,132.0,116.66666666666667,132.0
117.0,132.0,117.0,132.0
117.33333333333333,132.0,117.33333333333333,132.0
117.66666666666667,132.0,117.66666666666667,132.0
118.0,132.0,118.0,132.0
118.33333333333333,132.0,118.33333333333333,132.0
118.66666666666667,132.0,118.66666666666667,132.0
119.0,132.0,119.0,132.0
119.33333333333333,132.0,119.33333333333333,132.0
119.66666666666667,132.0,119.66666666666667,132.0
120.0,132.0,120.0,132.0
120.33333333333333,132.0,120.33333333333333,132.0
120.66666666666667,132.0,120.66666666666667,132.0
121.0,132.0,121.0,132.0
121.33333333333333,132.0,121.33333333333333,132.0
121.66666666666667,132.0,121.66666666666667,132.0
122.0,132.0,122.0,132.0
122.33333333333333,132.0,122.33333333333333,132.0
122.66666666666667,132.0,122.66666666666667,132.0
123.0,132.0,123.0,132.0
123.33333333333333,132.0,123.33333333333333,132.0
123.66666666666667,132.0,123.66666666666667,132.0
124.0,132.0,124.0,132.0
124.33333333333333,132.0,124.33333333333333,132.0
124.66666666666667,132.0,124.66666666666667,132.0
125.0,132.0,125.0,132.0
125.33333333333333,132.0,125.33333333333333,132.0
125.66666666666667,132.0,125.66666666666667,132.0
126.0,132.0,126.0,132.0
126.33333333333333,132.0,126.33333333333333,132.0
126.66666666666667,132.0,126.66666666666667,132.0
127.0,132.0,127.0,132.0
127.33333333333333,132.0,127.33333333333333,132.0
127.66666666666667,132.0,127.66666666666667,132.0
128.0,132.0,128.0,132.0
128.33333333333334,132.0,128.33333333333334,132.0
128.66666666666666,132.0,128.66666666666666,132.0
129.0,132.0,129.0,132.0
129.33333333333334,132.0,129.33333333333334,132.0
129.66666666666666,132.0,129.66666666666666,132.0
130.0,132.0,130.0,132.0
130.33333333333334,132.0,130.33333333333334,132.0
130.66666666666666,132.0,130.66666666666666,132.0
131.0,132.0,131.0,132.0
131.33333333333334,132.0,131.33333333333334,132.0
131.66666666666666,132.0,131.66666666666666,132.0
132.0,132.0,132.0,132.0
132.33333333333334,132.0,132.33333333333334,132.0
132.66666666666666,132.0,132.66666666666666,132.0
133.0,132.0,133.0,132.0
133.33333333333334,132.0,133.33333333333334,132.0
133.66666666666666,132.0,133.66666666666666,132.0
134.0,132.0,134.0,132.0
134.33333333333334,132.0,134.33333333333334,132.0
134.66666666666666,132.0,134.66666666666666,132.0
135.0,132.0,135.0,132.0
135.33333333333334,132.0,135.33333333333334,132.0
135.66666666666666,132.0,135.66666666666666,132.0
136.0,132.0,136.0,132.0
136.33333333333334,132.0,136.33333333333334,132.0
136.66666666666666,132.0,136.66666666666666,132.0
137.0,132.0,137.0,132.0
110.0,132.33333333333334,110.0,132.33333333333334
110.33333333333333,132.33333333333334,110.33333333333333,132.33333333333334
110.66666666666667,132.33333333333334,110.66666666666667,132.33333333333334
111.0,132.33333333333334,111.0,132.33333333333334
111.33333333333333,132.33333333333334,111.33333333333333,132.33333333333334
111.66666666666667,132.33333333333334,111.66666666666667,132.33333333333334
112.0,132.33333333333334,112.0,132.33333333333334
112.33333333333333,132.33333333333334,112.33333333333333,132.33333333333334
112.66666666666667,132.33333333333334,112.66666666666667,132.33333333333334
113.0,132.33333333333334,113.0,132.33333333333334
113.33333333333333,132.33333333333334,113.33333333333333,132.33333333333334
113.66666666666667,132.33333333333334,113.66666666666667,132.33333333333334
114.0,132.33333333333334,114.0,132.33333333333334
114.33333333333333,132.33333333333334,114.33333333333333,132.33333333333334
114.66666666666667,132.33333333333334,114.66666666666667,132.33333333333334
115.0,132.33333333333334,115.0,132.33333333333334
115.33333333333333,132.33333333333334,115.33333333333333,132.33333333333334
115.66666666666667,132.33333333333334,115.66666666666667,132.33333333333334
116.0,132.33333333333334,116.0,132.33333333333334
116.33333333333333,132.33333333333334,116.33333333333333,132.33333333333334
116.66666666666667,132.33333333333334,116.66666666666667,132.33333333333334
117.0,132.33333333333334,117.0,132.33333333333334
117.33333333333333,132.33333333333334,117.33333333333333,132.33333333333334
117.66666666666667,132.33333333333334,117.66666666666667,132.33333333333334
118.0,132.33333333333334,118.0,132.33333333333334
118.33333333333333,132.33333333333334,118.33333333333333,132.33333333333334
118.66666666666667,132.33333333333334,118.66666666666667,132.33333333333334
119.0,132.33333333333334,119.0,132.33333333333334
119.33333333333333,132.33333333333334,119.33333333333333,132.33333333333334
119.66666666666667,132.33333333333334,119.66666666666667,132.33333333333334
120.0,132.33333333333334,120.0,132.33333333333334
120.33333333333333,132.33333333333334,120.33333333333333,132.33333333333334
120.66666666666667,132.33333333333334,120.66666666666667,132.33333333333334
121.0,132.33333333333334,121.0,132.33333333333334
121.33333333333333,132.33333333333334,121.33333333333333,132.33333333333334
121.66666666666667,132.33333333333334,121.66666666666667,132.33333333333334
122.0,132.33333333333334,122.0,132.33333333333334
122.33333333333333,132.33333333333334,122.33333333333333,132.33333333333334
122.66666666666667,132.33333333333334,122.66666666666667,132.33333333333334
123.0,132.33333333333334,123.0,132.33333333333334
123.33333333333333,132.33333333333334,123.33333333333333,132.33333333333334
123.66666666666667,132.33333333333334,123.66666666666667,132.33333333333334
124.0,132.33333333333334,124.0,132.33333333333334
124.33333333333333,132.33333333333334,124.33333333333333,132.33333333333334
124.66666666666667,132.33333333333334,124.66666666666667,132.33333333333334
125.0,132.33333333333334,125.0,132.33333333333334
125.33333333333333,132.33333333333334,125.33333333333333,132.33333333333334
125.66666666666667,132.33333333333334,125.66666666666667,132.33333333333334
126.0,132.33333333333334,126.0,132.33333333333334
126.33333333333333,132.33333333333334,126.33333333333333,132.33333333333334
126.66666666666667,132.33333333333334,126.66666666666667,132.33333333333334
127.0,132.33333333333334,127.0,132.33333333333334
127.33333333333333,132.33333333333334,127.33333333333333,132.33333333333334
127.66666666666667,132.33333333333334,127.66666666666667,132.33333333333334
128.0,132.33333333333334,128.0,132.33333333333334
128.33333333333334,132.33333333333334,128.33333333333334,132.33333333333334
128.66666666666666,132.33333333333334,128.66666666666666,132.33333333333334
129.0,132.33333333333334,129.0,132.33333333333334
129.33333333333334,132.33333333333334,129.33333333333334,132.33333333333334
129.66666666666666,132.33333333333334,129.66666666666666,132.33333333333334
130.0,132.33333333333334,130.0,132.33333333333334
130.33333333333334,132.33333333333334,130.33333333333334,132.33333333333334
130.66666666666666,132.33333333333334,130.66666666666666,132.33333333333334
131.0,132.33333333333334,131.0,132.33333333333334
131.33333333333334,132.33333333333334,131.33333333333334,132.33333333333334
131.66666666666666,132.33333333333334,131.66666666666666,132.33333333333334
132.0,132.33333333333334,132.0,132.33333333333334
132.33333333333334,132.33333333333334,132.33333333333334,132.33333333333334
132.66666666666666,132.33333333333334,132.66666666666666,132.33333333333334
133.0,132.33333333333334,133.0,132.33333333333334
133.33333333333334,132.33333333333334,133.33333333333334,132.33333333333334
133.66666666666666,132.33333333333334,133.66666666666666,132.33333333333334
134.0,132.33333333333334,134.0,132.33333333333334
134.33333333333334,132.33333333333334,134.33333333333334,132.33333333333334
134.66666666666666,132.33333333333334,134.66666666666666,132.33333333333334
135.0,132.33333333333334,135.0,132.33333333333334
135.33333333333334,132.33333333333334,135.33333333333334,132.33333333333334
135.66666666666666,132.33333333333334,135.66666666666666,132.33333333333334
136.0,132.33333333333334,136.0,132.33333333333334
136.33333333333334,132.33333333333334,136.33333333333334,132.33333333333334
136.66666666666666,132.33333333333334,136.66666666666666,132.33333333333334
137.0,132.33333333333334,137.0,132.33333333333334
110.0,132.66666666666666,110.0,132.66666666666666
110.33333333333333,132.66666666666666,110.33333333333333,132.66666666666666
110.66666666666667,132.66666666666666,110.66666666666667,132.66666666666666
111.0,132.66666666666666,111.0,132.66666666666666
111.33333333333333,132.66666666666666,111.33333333333333,132.66666666666666
111.66666666666667,132.66666666666666,111.66666666666667,132.66666666666666
112.0,132.66666666666666,112.0,132.66666666666666
112.33333333333333,132.66666666666666,112.33333333333333,132.66666666666666
112.66666666666667,132.66666666666666,112.66666666666667,132.66666666666666
113.0,132.66666666666666,113.0,132.66666666666666
113.33333333333333,132.66666666666666,113.33333333333333,132.66666666666666
113.66666666666667,132.66666666666666,113.66666666666667,132.66666666666666
114.0,132.66666666666666,114.0,132.66666666666666
114.33333333333333,132.66666666666666,114.33333333333333,132.66666666666666
114.66666666666667,132.66666666666666,114.66666666666667,132.66666666666666
115.0,132.66666666666666,115.0,132.66666666666666
115.33333333333333,132.66666666666666,115.33333333333333,132.66666666666666
115.66666666666667,132.66666666666666,115.66666666666667,132.66666666666666
116.0,132.66666666666666,116.0,132.66666666666666
116.33333333333333,132.66666666666666,116.33333333333333,132.66666666666666
116.66666666666667,132.66666666666666,116.66666666666667,132.66666666666666
117.0,132.66666666666666,117.0,132.66666666666666
117.33333333333333,132.66666666666666,117.33333333333333,132.66666666666666
117.66666666666667,132.66666666666666,117.66666666666667,132.66666666666666
118.0,132.66666666666666,118.0,132.66666666666666
118.33333333333333,132.66666666666666,118.33333333333333,132.66666666666666
118.66666666666667,132.66666666666666,118.66666666666667,132.66666666666666
119.0,132.66666666666666,119.0,132.66666666666666
119.33333333333333,132.66666666666666,119.33333333333333,132.66666666666666
119.66666666666667,132.66666666666666,119.66666666666667,132.66666666666666
120.0,132.66666666666666,120.0,132.66666666666666
120.33333333333333,132.66666666666666,120.33333333333333,132.66666666666666
120.66666666666667,132.66666666666666,120.66666666666667,132.66666666666666
121.0,132.66666666666666,121.0,132.66666666666666
121.33333333333333,132.66666666666666,121.33333333333333,132.66666666666666
121.66666666666667,132.66666666666666,121.66666666666667,132.66666666666666
122.0,132.66666666666666,122.0,132.66666666666666
122.33333333333333,132.66666666666666,122.33333333333333,132.66666666666666
122.66666666666667,132.66666666666666,122.66666666666667,132.66666666666666
123.0,132.66666666666666,123.0,132.66666666666666
123.33333333333333,132.66666666666666,123.33333333333333,132.66666666666666
123.66666666666667,132.66666666666666,123.66666666666667,132.66666666666666
124.0,132.66666666666666,124.0,132.66666666666666
124.33333333333333,132.66666666666666,124.33333333333333,132.66666666666666
124.66666666666667,132.66666666666666,124.66666666666667,132.66666666666666
125.0,132.66666666666666,125.0,132.66666666666666
125.33333333333333,132.66666666666666,125.33333333333333,132.66666666666666
125.66666666666667,132.66666666666666,125.66666666666667,132.66666666666666
126.0,132.66666666666666,126.0,132.66666666666666
126.33333333333333,132.66666666666666,126.33333333333333,132.66666666666666
126.66666666666667,132.66666666666666,126.66666666666667,132.66666666666666
127.0,132.66666666666666,127.0,132.66666666666666
127.33333333333333,132.66666666666666,127.33333333333333,132.66666666666666
127.66666666666667,132.66666666666666,127.66666666666667,132.66666666666666
128.0,132.66666666666666,128.0,132.66666666666666
128.33333333333334,132.66666666666666,128.33333333333334,132.66666666666666
128.66666666666666,132.66666666666666,128.66666666666666,132.66666666666666
129.0,132.66666666666666,129.0,132.66666666666666
129.33333333333334,132.66666666666666,129.33333333333334,132.66666666666666
129.66666666666666,132.66666666666666,129.66666666666666,132.66666666666666
130.0,132.66666666666666,130.0,132.66666666666666
130.33333333333334,132.66666666666666,130.33333333333334,132.66666666666666
130.66666666666666,132.66666666666666,130.66666666666666,132.66666666666666
131.0,132.66666666666666,131.0,132.66666666666666
131.33333333333334,132.66666666666666,131.33333333333334,132.66666666666666
131.66666666666666,132.66666666666666,131.66666666666666,132.66666666666666
132.0,132.66666666666666,132.0,132.66666666666666
132.33333333333334,132.66666666666666,132.33333333333334,132.66666666666666
132.66666666666666,132.66666666666666,132.66666666666666,132.66666666666666
133.0,132.66666666666666,133.0,132.66666666666666
133.33333333333334,132.66666666666666,133.33333333333334,132.66666666666666
133.66666666666666,132.66666666666666,133.66666666666666,132.66666666666666
134.0,132.66666666666666,134.0,132.66666666666666
134.33333333333334,132.66666666666666,134.33333333333334,132.66666666666666
134.66666666666666,132.66666666666666,134.66666666666666,132.66666666666666
135.0,132.66666666666666,135.0,132.66666666666666
135.33333333333334,132.66666666666666,135.33333333333334,132.66666666666666
135.66666666666666,132.66666666666666,135.66666666666666,132.66666666666666
136.0,132.66666666666666,136.0,132.66666666666666
136.33333333333334,132.66666666666666,136.33333333333334,132.66666666666666
136.66666666666666,132.66666666666666,136.66666666666666,132.66666666666666
137.0,132.66666666666666,137.0,132.66666666666666
110.0,133.0,110.0,133.0
110.33333333333333,133.0,110.33333333333333,133.0
110.66666666666667,133.0,110.66666666666667,133.0
111.0,133.0,111.0,133.0
111.33333333333333,133.0,111.33333333333333,133.0
111.66666666666667,133.0,111.66666666666667,133.0
112.0,133.0,112.0,133.0
112.33333333333333,133.0,112.33333333333333,133.0
112.66666666666667,133.0,112.66666666666667,133.0
113.0,133.0,113.0,133.0
113.33333333333333,133.0,113.33333333333333,133.0
113.66666666666667,133.0,113.66666666666667,133.0
114.0,133.0,114.0,133.0
114.33333333333333,133.0,114.33333333333333,133.0
114.66666666666667,133.0,114.66666666666667,133.0
115.0,133.0,115.0,133.0
115.33333333333333,133.0,115.33333333333333,133.0
115.66666666666667,133.0,115.66666666666667,133.0
116.0,133.0,116.0,133.0
116.33333333333333,133.0,116.33333333333333,133.0
116.66666666666667,133.0,116.66666666666667,133.0
117.0,133.0,117.0,133.0
117.33333333333333,133.0,117.33333333333333,133.0
117.66666666666667,133.0,117.66666666666667,133.0
118.0,133.0,118.0,133.0
118.33333333333333,133.0,118.33333333333333,133.0
118.66666666666667,133.0,118.66666666666667,133.0
119.0,133.0,119.0,133.0
119.33333333333333,133.0,119.33333333333333,133.0
119.66666666666667,133.0,119.66666666666667,133.0
120.0,133.0,120.0,133.0
120.33333333333333,133.0,120.33333333333333,133.0
120.66666666666667,133.0,120.66666666666667,133.0
121.0,133.0,121.0,133.0
121.33333333333333,133.0,121.33333333333333,133.0
121.66666666666667,133.0,121.66666666666667,133.0
122.0,133.0,122.0,133.0
122.33333333333333,133.0,122.33333333333333,133.0
122.66666666666667,133.0,122.66666666666667,133.0
123.0,133.0,123.0,133.0
123.33333333333333,133.0,123.33333333333333,133.0
123.66666666666667,133.0,123.66666666666667,133.0
124.0,133.0,124.0,133.0
124.33333333333333,133.0,124.33333333333333,133.0
124.66666666666667,133.0,124.66666666666667,133.0
125.0,133.0,125.0,133.0
125.33333333333333,133.0,125.33333333333333,133.0
125.66666666666667,133.0,125.66666666666667,133.0
126.0,133.0,126.0,133.0
126.33333333333333,133.0,126.33333333333333,133.0
126.66666666666667,133.0,126.66666666666667,133.0
127.0,133.0,127.0,133.0
127.33333333333333,133.0,127.33333333333333,133.0
127.66666666666667,133.0,127.66666666666667,133.0
128.0,133.0,128.0,133.0
128.33333333333334,133.0,128.33333333333334,133.0
128.66666666666666,133.0,128.66666666666666,133.0
129.0,133.0,129.0,133.0
129.33333333333334,133.0,129.33333333333334,133.0
129.66666666666666,133.0,129.66666666666666,133.0
130.0,133.0,130.0,133.0
130.33333333333334,133.0,130.33333333333334,133.0
130.66666666666666,133.0,130.66666666666666,133.0
131.0,133.0,131.0,133.0
131.33333333333334,133.0,131.33333333333334,133.0
131.66666666666666,133.0,131.66666666666666,133.0
132.0,133.0,132.0,133.0
132.33333333333334,133.0,132.33333333333334,133.0
132.66666666666666,133.0,132.66666666666666,133.0
133.0,133.0,133.0,133.0
133.33333333333334,133.0,133.33333333333334,133.0
133.66666666666666,133.0,133.66666666666666,133.0
134.0,133.0,134.0,133.0
134.33333333333334,133.0,134.33333333333334,133.0
134.66666666666666,133.0,134.66666666666666,133.0
135.0,133.0,135.0,133.0
135.33333333333334,133.0,135.33333333333334,133.0
135.66666666666666,133.0,135.66666666666666,133.0
136.0,133.0,136.0,133.0
136.33333333333334,133.0,136.33333333333334,133.0
136.66666666666666,133.0,136.66666666666666,133.0
110.0,133.33333333333334,110.0,133.33333333333334
110.33333333333333,133.33333333333334,110.33333333333333,133.33333333333334
110.66666666666667,133.33333333333334,110.66666666666667,133.33333333333334
111.0,133.33333333333334,111.0,133.33333333333334
111.33333333333333,133.33333333333334,111.33333333333333,133.33333333333334
111.66666666666667,133.33333333333334,111.66666666666667,133.33333333333334
112.0,133.33333333333334,112.0,133.33333333333334
112.33333333333333,133.33333333333334,112.33333333333333,133.33333333333334
112.66666666666667,133.33333333333334,112.66666666666667,133.33333333333334
113.0,133.33333333333334,113.0,133.33333333333334
113.33333333333333,133.33333333333334,113.33333333333333,133.33333333333334
113.66666666666667,133.33333333333334,113.66666666666667,133.33333333333334
114.0,133.33333333333334,114.0,133.33333333333334
114.33333333333333,133.33333333333334,114.33333333333333,133.33333333333334
114.66666666666667,133.33333333333334,114.66666666666667,133.33333333333334
115.0,133.33333333333334,115.0,133.33333333333334
115.33333333333333,133.33333333333334,115.33333333333333,133.33333333333334
115.66666666666667,133.33333333333334,115.66666666666667,133.33333333333334
116.0,133.33333333333334,116.0,133.33333333333334
116.33333333333333,133.33333333333334,116.33333333333333,133.33333333333334
116.66666666666667,133.33333333333334,116.66666666666667,133.33333333333334
117.0,133.33333333333334,117.0,133.33333333333334
117.33333333333333,133.33333333333334,117.33333333333333,133.33333333333334
117.66666666666667,133.33333333333334,117.66666666666667,133.33333333333334
118.0,133.33333333333334,118.0,133.33333333333334
118.33333333333333,133.33333333333334,118.33333333333333,133.33333333333334
118.66666666666667,133.33333333333334,118.66666666666667,133.33333333333334
119.0,133.33333333333334,119.0,133.33333333333334
119.33333333333333,133.33333333333334,119.33333333333333,133.33333333333334
119.66666666666667,133.33333333333334,119.66666666666667,133.33333333333334
120.0,133.33333333333334,120.0,133.33333333333334
120.33333333333333,133.33333333333334,120.33333333333333,133.33333333333334
120.66666666666667,133.33333333333334,120.66666666666667,133.33333333333334
121.0,133.33333333333334,121.0,133.33333333333334
121.33333333333333,133.33333333333334,121.33333333333333,133.33333333333334
121.66666666666667,133.33333333333334,121.66666666666667,133.33333333333334
122.0,133.33333333333334,122.0,133.33333333333334
122.33333333333333,133.33333333333334,122.33333333333333,133.33333333333334
122.66666666666667,133.33333333333334,122.66666666666667,133.33333333333334
123.0,133.33333333333334,123.0,133.33333333333334
123.33333333333333,133.33333333333334,123.33333333333333,133.33333333333334
123.66666666666667,133.33333333333334,123.66666666666667,133.33333333333334
124.0,133.33333333333334,124.0,133.33333333333334
124.33333333333333,133.33333333333334,124.33333333333333,133.33333333333334
124.66666666666667,133.33333333333334,124.66666666666667,133.33333333333334
125.0,133.33333333333334,125.0,133.33333333333334
125.33333333333333,133.33333333333334,125.33333333333333,133.33333333333334
125.66666666666667,133.33333333333334,125.66666666666667,133.33333333333334
126.0,133.33333333333334,126.0,133.33333333333334
126.33333333333333,133.33333333333334,126.33333333333333,133.33333333333334
126.66666666666667,133.33333333333334,126.66666666666667,133.33333333333334
127.0,133.33333333333334,127.0,133.33333333333334
127.33333333333333,133.33333333333334,127.33333333333333,133.33333333333334
127.66666666666667,133.33333333333334,127.66666666666667,133.33333333333334
128.0,133.33333333333334,128.0,133.33333333333334
128.33333333333334,133.33333333333334,128.33333333333334,133.33333333333334
128.66666666666666,133.33333333333334,128.66666666666666,133.33333333333334
129.0,133.33333333333334,129.0,133.33333333333334
129.33333333333334,133.33333333333334,129.33333333333334,133.33333333333334
129.66666666666666,133.33333333333334,129.66666666666666,133.33333333333334
130.0,133.33333333333334,130.0,133.33333333333334
130.33333333333334,133.33333333333334,130.33333333333334,133.33333333333334
130.66666666666666,133.33333333333334,130.66666666666666,133.33333333333334
131.0,133.33333333333334,131.0,133.33333333333334
131.33333333333334,133.33333333333334,131.33333333333334,133.33333333333334
131.66666666666666,133.33333333333334,131.66666666666666,133.33333333333334
132.0,133.33333333333334,132.0,133.33333333333334
132.33333333333334,133.33333333333334,132.33333333333334,133.33333333333334
132.66666666666666,133.33333333333334,132.66666666666666,133.33333333333334
133.0,133.33333333333334,133.0,133.33333333333334
133.33333333333334,133.33333333333334,133.33333333333334,133.33333333333334
133.66666666666666,133.33333333333334,133.66666666666666,133.33333333333334
134.0,133.33333333333334,134.0,133.33333333333334
134.33333333333334,133.33333333333334,134.33333333333334,133.33333333333334
134.66666666666666,133.33333333333334,134.66666666666666,133.33333333333334
135.0,133.33333333333334,135.0,133.33333333333334
135.33333333333334,133.33333333333334,135.33333333333334,133.33333333333334
135.66666666666666,133.33333333333334,135.66666666666666,133.33333333333334
136.0,133.33333333333334,136.0,133.33333333333334
136.33333333333334,133.33333333333334,136.33333333333334,133.33333333333334
110.0,133.66666666666666,110.0,133.66666666666666
110.33333333333333,133.66666666666666,110.33333333333333,133.66666666666666
110.66666666666667,133.66666666666666,110.66666666666667,133.66666666666666
111.0,133.66666666666666,111.0,133.66666666666666
111.33333333333333,133.66666666666666,111.33333333333333,133.66666666666666
111.66666666666667,133.66666666666666,111.66666666666667,133.66666666666666
112.0,133.66666666666666,112.0,133.66666666666666
112.33333333333333,133.66666666666666,112.33333333333333,133.66666666666666
112.66666666666667,133.66666666666666,112.66666666666667,133.66666666666666
113.0,133.66666666666666,113.0,133.66666666666666
113.33333333333333,133.66666666666666,113.33333333333333,133.66666666666666
113.66666666666667,133.66666666666666,113.66666666666667,133.66666666666666
114.0,133.66666666666666,114.0,133.66666666666666
114.33333333333333,133.66666666666666,114.33333333333333,133.66666666666666
114.66666666666667,133.66666666666666,114.66666666666667,133.66666666666666
115.0,133.66666666666666,115.0,133.66666666666666
115.33333333333333,133.66666666666666,115.33333333333333,133.66666666666666
115.66666666666667,133.66666666666666,115.66666666666667,133.66666666666666
116.0,133.66666666666666,116.0,133.66666666666666
116.33333333333333,133.66666666666666,116.33333333333333,133.66666666666666
116.66666666666667,133.66666666666666,116.66666666666667,133.66666666666666
117.0,133.66666666666666,117.0,133.66666666666666
117.33333333333333,133.66666666666666,117.33333333333333,133.66666666666666
117.66666666666667,133.66666666666666,117.66666666666667,133.66666666666666
118.0,133.66666666666666,118.0,133.66666666666666
118.33333333333333,133.66666666666666,118.33333333333333,133.66666666666666
118.66666666666667,133.66666666666666,118.66666666666667,133.66666666666666
119.0,133.66666666666666,119.0,133.66666666666666
119.33333333333333,133.66666666666666,119.33333333333333,133.66666666666666
119.66666666666667,133.66666666666666,119.66666666666667,133.66666666666666
120.0,133.66666666666666,120.0,133.66666666666666
120.33333333333333,133.66666666666666,120.33333333333333,133.66666666666666
120.66666666666667,133.66666666666666,120.66666666666667,133.66666666666666
121.0,133.66666666666666,121.0,133.66666666666666
121.33333333333333,133.66666666666666,121.33333333333333,133.66666666666666
121.66666666666667,133.66666666666666,121.66666666666667,133.66666666666666
122.0,133.66666666666666,122.0,133.66666666666666
122.33333333333333,133.66666666666666,122.33333333333333,133.66666666666666
122.66666666666667,133.66666666666666,122.66666666666667,133.66666666666666
123.0,133.66666666666666,123.0,133.66666666666666
123.33333333333333,133.66666666666666,123.33333333333333,133.66666666666666
123.66666666666667,133.66666666666666,123.66666666666667,133.66666666666666
124.0,133.66666666666666,124.0,133.66666666666666
124.33333333333333,133.66666666666666,124.33333333333333,133.66666666666666
124.66666666666667,133.66666666666666,124.66666666666667,133.66666666666666
125.0,133.66666666666666,125.0,133.66666666666666
125.33333333333333,133.66666666666666,125.33333333333333,133.66666666666666
125.66666666666667,133.66666666666666,125.66666666666667,133.66666666666666
126.0,133.66666666666666,126.0,133.66666666666666
126.33333333333333,133.66666666666666,126.33333333333333,133.66666666666666
126.66666666666667,133.66666666666666,126.66666666666667,133.66666666666666
127.0,133.66666666666666,127.0,133.66666666666666
127.33333333333333,133.66666666666666,127.33333333333333,133.66666666666666
127.66666666666667,133.66666666666666,127.66666666666667,133.66666666666666
128.0,133.66666666666666,128.0,133.66666666666666
128.33333333333334,133.66666666666666,128.33333333333334,133.66666666666666
128.66666666666666,133.66666666666666,128.66666666666666,133.66666666666666
129.0,133.66666666666666,129.0,133.66666666666666
129.33333333333334,133.66666666666666,129.33333333333334,133.66666666666666
129.66666666666666,133.66666666666666,129.66666666666666,133.66666666666666
130.0,133.66666666666666,130.0,133.66666666666666
130.33333333333334,133.66666666666666,130.33333333333334,133.66666666666666
130.66666666666666,133.66666666666666,130.66666666666666,133.66666666666666
131.0,133.66666666666666,131.0,133.66666666666666
131.33333333333334,133.66666666666666,131.33333333333334,133.66666666666666
131.66666666666666,133.66666666666666,131.66666666666666,133.66666666666666
132.0,133.66666666666666,132.0,133.66666666666666
132.33333333333334,133.66666666666666,132.33333333333334,133.66666666666666
132.66666666666666,133.66666666666666,132.66666666666666,133.66666666666666
133.0,133.66666666666666,133.0,133.66666666666666
133.33333333333334,133.66666666666666,133.33333333333334,133.66666666666666
133.66666666666666,133.66666666666666,133.66666666666666,133.66666666666666
134.0,133.66666666666666,134.0,133.66666666666666
134.33333333333334,133.66666666666666,134.33333333333334,133.66666666666666
134.66666666666666,133.66666666666666,134.66666666666666,133.66666666666666
135.0,133.66666666666666,135.0,133.66666666666666
135.33333333333334,133.66666666666666,135.33333333333334,133.66666666666666
135.66666666666666,133.66666666666666,135.66666666666666,133.66666666666666
136.0,133.66666666666666,136.0,133.66666666666666
110.0,134.0,110.0,134.0
110.33333333333333,134.0,110.33333333333333,134.0
110.66666666666667,134.0,110.66666666666667,134.0
111.0,134.0,111.0,134.0
111.33333333333333,134.0,111.33333333333333,134.0
111.66666666666667,134.0,111.66666666666667,134.0
112.0,134.0,112.0,134.0
112.33333333333333,134.0,112.33333333333333,134.0
112.66666666666667,134.0,112.66666666666667,134.0
113.0,134.0,113.0,134.0
113.33333333333333,134.0,113.33333333333333,134.0
113.66666666666667,134.0,113.66666666666667,134.0
114.0,134.0,114.0,134.0
114.33333333333333,134.0,114.33333333333333,134.0
114.66666666666667,134.0,114.66666666666667,134.0
115.0,134.0,115.0,134.0
115.33333333333333,134.0,115.33333333333333,134.0
115.66666666666667,134.0,115.66666666666667,134.0
116.0,134.0,116.0,134.0
116.33333333333333,134.0,116.33333333333333,134.0
116.66666666666667,134.0,116.66666666666667,134.0
117.0,134.0,117.0,134.0
117.33333333333333,134.0,117.33333333333333,134.0
117.66666666666667,134.0,117.66666666666667,134.0
118.0,134.0,118.0,134.0
118.33333333333333,134.0,118.33333333333333,134.0
118.66666666666667,134.0,118.66666666666667,134.0
119.0,134.0,119.0,134.0
119.33333333333333,134.0,119.33333333333333,134.0
119.66666666666667,134.0,119.66666666666667,134.0
120.0,134.0,120.0,134.0
120.33333333333333,134.0,120.33333333333333,134.0
120.66666666666667,134.0,120.66666666666667,134.0
121.0,134.0,121.0,134.0
121.33333333333333,134.0,121.33333333333333,134.0
121.66666666666667,134.0,121.66666666666667,134.0
122.0,134.0,122.0,134.0
122.33333333333333,134.0,122.33333333333333,134.0
122.66666666666667,134.0,122.66666666666667,134.0
123.0,134.0,123.0,134.0
123.33333333333333,134.0,123.33333333333333,134.0
123.66666666666667,134.0,123.66666666666667,134.0
124.0,134.0,124.0,134.0
124.33333333333333,134.0,124.33333333333333,134.0
124.66666666666667,134.0,124.66666666666667,134.0
125.0,134.0,125.0,134.0
125.33333333333333,134.0,125.33333333333333,134.0
125.66666666666667,134.0,125.66666666666667,134.0
126.0,134.0,126.0,134.0
126.33333333333333,134.0,126.33333333333333,134.0
126.66666666666667,134.0,126.66666666666667,134.0
127.0,134.0,127.0,134.0
127.33333333333333,134.0,127.33333333333333,134.0
127.66666666666667,134.0,127.66666666666667,134.0
128.0,134.0,128.0,134.0
128.33333333333334,134.0,128.33333333333334,134.0
128.66666666666666,134.0,128.66666666666666,134.0
129.0,134.0,129.0,134.0
129.33333333333334,134.0,129.33333333333334,134.0
129.66666666666666,134.0,129.66666666666666,134.0
130.0,134.0,130.0,134.0
130.33333333333334,134.0,130.33333333333334,134.0
130.66666666666666,134.0,130.66666666666666,134.0
131.0,134.0,131.0,134.0
131.33333333333334,134.0,131.33333333333334,134.0
131.66666666666666,134.0,131.66666666666666,134.0
132.0,134.0,132.0,134.0
132.33333333333334,134.0,132.33333333333334,134.0
132.66666666666666,134.0,132.66666666666666,134.0
133.0,134.0,133.0,134.0
133.33333333333334,134.0,133.33333333333334,134.0
133.66666666666666,134.0,133.66666666666666,134.0
134.0,134.0,134.0,134.0
134.33333333333334,134.0,134.33333333333334,134.0
134.66666666666666,134.0,134.66666666666666,134.0
135.0,134.0,135.0,134.0
135.33333333333334,134.0,135.33333333333334,134.0
135.66666666666666,134.0,135.66666666666666,134.0
110.0,134.33333333333334,110.0,134.33333333333334
110.33333333333333,134.33333333333334,110.33333333333333,134.33333333333334
110.66666666666667,134.33333333333334,110.66666666666667,134.33333333333334
111.0,134.33333333333334,111.0,134.33333333333334
111.33333333333333,134.33333333333334,111.33333333333333,134.33333333333334
111.66666666666667,134.33333333333334,111.66666666666667,134.33333333333334
112.0,134.33333333333334,112.0,134.33333333333334
112.33333333333333,134.33333333333334,112.33333333333333,134.33333333333334
112.66666666666667,134.33333333333334,112.66666666666667,134.33333333333334
113.0,134.33333333333334,113.0,134.33333333333334
113.33333333333333,134.33333333333334,113.33333333333333,134.33333333333334
113.66666666666667,134.33333333333334,113.66666666666667,134.33333333333334
114.0,134.33333333333334,114.0,134.33333333333334
114.33333333333333,134.33333333333334,114.33333333333333,134.33333333333334
114.66666666666667,134.33333333333334,114.66666666666667,134.33333333333334
115.0,134.33333333333334,115.0,134.33333333333334
115.33333333333333,134.33333333333334,115.33333333333333,134.33333333333334
115.66666666666667,134.33333333333334,115.66666666666667,134.33333333333334
116.0,134.33333333333334,116.0,134.33333333333334
116.33333333333333,134.33333333333334,116.33333333333333,134.33333333333334
116.66666666666667,134.33333333333334,116.66666666666667,134.33333333333334
117.0,134.33333333333334,117.0,134.33333333333334
117.33333333333333,134.33333333333334,117.33333333333333,134.33333333333334
117.66666666666667,134.33333333333334,117.66666666666667,134.33333333333334
118.0,134.33333333333334,118.0,134.33333333333334
118.33333333333333,134.33333333333334,118.33333333333333,134.33333333333334
118.66666666666667,134.33333333333334,118.66666666666667,134.33333333333334
119.0,134.33333333333334,119.0,134.33333333333334
119.33333333333333,134.33333333333334,119.33333333333333,134.33333333333334
119.66666666666667,134.33333333333334,119.66666666666667,134.33333333333334
120.0,134.33333333333334,120.0,134.33333333333334
120.33333333333333,134.33333333333334,120.33333333333333,134.33333333333334
120.66666666666667,134.33333333333334,120.66666666666667,134.33333333333334
121.0,134.33333333333334,121.0,134.33333333333334
121.33333333333333,134.33333333333334,121.33333333333333,134.33333333333334
121.66666666666667,134.33333333333334,121.66666666666667,134.33333333333334
122.0,134.33333333333334,122.0,134.33333333333334
122.33333333333333,134.33333333333334,122.33333333333333,134.33333333333334
122.66666666666667,134.33333333333334,122.66666666666667,134.33333333333334
123.0,134.33333333333334,123.0,134.33333333333334
123.33333333333333,134.33333333333334,123.33333333333333,134.33333333333334
123.66666666666667,134.33333333333334,123.66666666666667,134.33333333333334
124.0,134.33333333333334,124.0,134.33333333333334
124.33333333333333,134.33333333333334,124.33333333333333,134.33333333333334
124.66666666666667,134.33333333333334,124.66666666666667,134.33333333333334
125.0,134.33333333333334,125.0,134.33333333333334
125.33333333333333,134.33333333333334,125.33333333333333,134.33333333333334
125.66666666666667,134.33333333333334,125.66666666666667,134.33333333333334
126.0,134.33333333333334,126.0,134.33333333333334
126.33333333333333,134.33333333333334,126.33333333333333,134.33333333333334
126.66666666666667,134.33333333333334,126.66666666666667,134.33333333333334
127.0,134.33333333333334,127.0,134.33333333333334
127.33333333333333,134.33333333333334,127.33333333333333,134.33333333333334
127.66666666666667,134.33333333333334,127.66666666666667,134.33333333333334
128.0,134.33333333333334,128.0,134.33333333333334
128.33333333333334,134.33333333333334,128.33333333333334,134.33333333333334
128.66666666666666,134.33333333333334,128.66666666666666,134.33333333333334
129.0,134.33333333333334,129.0,134.33333333333334
129.33333333333334,134.33333333333334,129.33333333333334,134.33333333333334
129.66666666666666,134.33333333333334,129.66666666666666,134.33333333333334
130.0,134.33333333333334,130.0,134.33333333333334
130.33333333333334,134.33333333333334,130.33333333333334,134.33333333333334
130.66666666666666,134.33333333333334,130.66666666666666,134.33333333333334
131.0,134.33333333333334,131.0,134.33333333333334
131.33333333333334,134.33333333333334,131.33333333333334,134.33333333333334
131.66666666666666,134.33333333333334,131.66666666666666,134.33333333333334
132.0,134.33333333333334,132.0,134.33333333333334
132.33333333333334,134.33333333333334,132.33333333333334,134.33333333333334
132.66666666666666,134.33333333333334,132.66666666666666,134.33333333333334
133.0,134.33333333333334,133.0,134.33333333333334
133.33333333333334,134.33333333333334,133.33333333333334,134.33333333333334
133.66666666666666,134.33333333333334,133.66666666666666,134.33333333333334
134.0,134.33333333333334,134.0,134.33333333333334
134.33333333333334,134.33333333333334,134.33333333333334,134.33333333333334
134.66666666666666,134.33333333333334,134.66666666666666,134.33333333333334
135.0,134.33333333333334,135.0,134.33333333333334
110.0,134.66666666666666,110.0,134.66666666666666
110.33333333333333,134.66666666666666,110.33333333333333,134.66666666666666
110.66666666666667,134.66666666666666,110.66666666666667,134.66666666666666
111.0,134.66666666666666,111.0,134.66666666666666
111.33333333333333,134.66666666666666,111.33333333333333,134.66666666666666
111.66666666666667,134.66666666666666,111.66666666666667,134.66666666666666
112.0,134.66666666666666,112.0,134.66666666666666
112.33333333333333,134.66666666666666,112.33333333333333,134.66666666666666
112.66666666666667,134.66666666666666,112.66666666666667,134.66666666666666
113.0,134.66666666666666,113.0,134.66666666666666
113.33333333333333,134.66666666666666,113.33333333333333,134.66666666666666
113.66666666666667,134.66666666666666,113.66666666666667,134.66666666666666
114.0,134.66666666666666,114.0,134.66666666666666
114.33333333333333,134.66666666666666,114.33333333333333,134.66666666666666
114.66666666666667,134.66666666666666,114.66666666666667,134.66666666666666
115.0,134.66666666666666,115.0,134.66666666666666
115.33333333333333,134.66666666666666,115.33333333333333,134.66666666666666
115.66666666666667,134.66666666666666,115.66666666666667,134.66666666666666
116.0,134.66666666666666,116.0,134.66666666666666
116.33333333333333,134.66666666666666,116.33333333333333,134.66666666666666
116.66666666666667,134.66666666666666,116.66666666666667,134.66666666666666
117.0,134.66666666666666,117.0,134.66666666666666
117.33333333333333,134.66666666666666,117.33333333333333,134.66666666666666
117.66666666666667,134.66666666666666,117.66666666666667,134.66666666666666
118.0,134.66666666666666,118.0,134.66666666666666
118.33333333333333,134.66666666666666,118.33333333333333,134.66666666666666
118.66666666666667,134.66666666666666,118.66666666666667,134.66666666666666
119.0,134.66666666666666,119.0,134.66666666666666
119.33333333333333,134.66666666666666,119.33333333333333,134.66666666666666
119.66666666666667,134.66666666666666,119.66666666666667,134.66666666666666
120.0,134.66666666666666,120.0,134.66666666666666
120.33333333333333,134.66666666666666,120.33333333333333,134.66666666666666
120.66666666666667,134.66666666666666,120.66666666666667,134.66666666666666
121.0,134.66666666666666,121.0,134.66666666666666
121.33333333333333,134.66666666666666,121.33333333333333,134.66666666666666
121.66666666666667,134.66666666666666,121.66666666666667,134.66666666666666
122.0,134.66666666666666,122.0,134.66666666666666
122.33333333333333,134.66666666666666,122.33333333333333,134.66666666666666
122.66666666666667,134.66666666666666,122.66666666666667,134.66666666666666
123.0,134.66666666666666,123.0,134.66666666666666
123.33333333333333,134.66666666666666,123.33333333333333,134.66666666666666
123.66666666666667,134.66666666666666,123.66666666666667,134.66666666666666
124.0,134.66666666666666,124.0,134.66666666666666
124.33333333333333,134.66666666666666,124.33333333333333,134.66666666666666
124.66666666666667,134.66666666666666,124.66666666666667,134.66666666666666
125.0,134.66666666666666,125.0,134.66666666666666
125.33333333333333,134.66666666666666,125.33333333333333,134.66666666666666
125.66666666666667,134.66666666666666,125.66666666666667,134.66666666666666
126.0,134.66666666666666,126.0,134.66666666666666
126.33333333333333,134.66666666666666,126.33333333333333,134.66666666666666
126.66666666666667,134.66666666666666,126.66666666666667,134.66666666666666
127.0,134.66666666666666,127.0,134.66666666666666
127.33333333333333,134.66666666666666,127.33333333333333,134.66666666666666
127.66666666666667,134.66666666666666,127.66666666666667,134.66666666666666
128.0,134.66666666666666,128.0,134.66666666666666
128.33333333333334,134.66666666666666,128.33333333333334,134.66666666666666
128.66666666666666,134.66666666666666,128.66666666666666,134.66666666666666
129.0,134.66666666666666,129.0,134.66666666666666
129.33333333333334,134.66666666666666,129.33333333333334,134.66666666666666
129.66666666666666,134.66666666666666,129.66666666666666,134.66666666666666
130.0,134.66666666666666,130.0,134.66666666666666
130.33333333333334,134.66666666666666,130.33333333333334,134.66666666666666
130.66666666666666,134.66666666666666,130.66666666666666,134.66666666666666
131.0,134.66666666666666,131.0,134.66666666666666
131.33333333333334,134.66666666666666,131.33333333333334,134.66666666666666
131.66666666666666,134.66666666666666,131.66666666666666,134.66666666666666
132.0,134.66666666666666,132.0,134.66666666666666
132.33333333333334,134.66666666666666,132.33333333333334,134.66666666666666
132.66666666666666,134.66666666666666,132.66666666666666,134.66666666666666
133.0,134.66666666666666,133.0,134.66666666666666
133.33333333333334,134.66666666666666,133.33333333333334,134.66666666666666
133.66666666666666,134.66666666666666,133.66666666666666,134.66666666666666
134.0,134.66666666666666,134.0,134.66666666666666
134.33333333333334,134.66666666666666,134.33333333333334,134.66666666666666
134.66666666666666,134.66666666666666,134.66666666666666,134.66666666666666
110.0,135.0,110.0,135.0
110.33333333333333,135.0,110.33333333333333,135.0
110.66666666666667,135.0,110.66666666666667,135.0
111.0,135.0,111.0,135.0
111.33333333333333,135.0,111.33333333333333,135.0
111.66666666666667,135.0,111.66666666666667,135.0
112.0,135.0,112.0,135.0
112.33333333333333,135.0,112.33333333333333,135.0
112.66666666666667,135.0,112.66666666666667,135.0
113.0,135.0,113.0,135.0
113.33333333333333,135.0,113.33333333333333,135.0
113.66666666666667,135.0,113.66666666666667,135.0
114.0,135.0,114.0,135.0
114.33333333333333,135.0,114.33333333333333,135.0
114.66666666666667,135.0,114.66666666666667,135.0
115.0,135.0,115.0,135.0
115.33333333333333,135.0,115.33333333333333,135.0
115.66666666666667,135.0,115.66666666666667,135.0
116.0,135.0,116.0,135.0
116.33333333333333,135.0,116.33333333333333,135.0
116.66666666666667,135.0,116.66666666666667,135.0
117.0,135.0,117.0,135.0
117.33333333333333,135.0,117.33333333333333,135.0
117.66666666666667,135.0,117.66666666666667,135.0
118.0,135.0,118.0,135.0
118.33333333333333,135.0,118.33333333333333,135.0
118.66666666666667,135.0,118.66666666666667,135.0
119.0,135.0,119.0,135.0
119.33333333333333,135.0,119.33333333333333,135.0
119.66666666666667,135.0,119.66666666666667,135.0
120.0,135.0,120.0,135.0
120.33333333333333,135.0,120.33333333333333,135.0
120.66666666666667,135.0,120.66666666666667,135.0
121.0,135.0,121.0,135.0
121.33333333333333,135.0,121.33333333333333,135.0
121.66666666666667,135.0,121.66666666666667,135.0
122.0,135.0,122.0,135.0
122.33333333333333,135.0,122.33333333333333,135.0
122.66666666666667,135.0,122.66666666666667,135.0
123.0,135.0,123.0,135.0
123.33333333333333,135.0,123.33333333333333,135.0
123.66666666666667,135.0,123.66666666666667,135.0
124.0,135.0,124.0,135.0
124.33333333333333,135.0,124.33333333333333,135.0
124.66666666666667,135.0,124.66666666666667,135.0
125.0,135.0,125.0,135.0
125.33333333333333,135.0,125.33333333333333,135.0
125.66666666666667,135.0,125.66666666666667,135.0
126.0,135.0,126.0,135.0
126.33333333333333,135.0,126.33333333333333,135.0
126.66666666666667,135.0,126.66666666666667,135.0
127.0,135.0,127.0,135.0
127.33333333333333,135.0,127.33333333333333,135.0
127.66666666666667,135.0,127.66666666666667,135.0
128.0,135.0,128.0,135.0
128.33333333333334,135.0,128.33333333333334,135.0
128.66666666666666,135.0,128.66666666666666,135.0
129.0,135.0,129.0,135.0
129.33333333333334,135.0,129.33333333333334,135.0
129.66666666666666,135.0,129.66666666666666,135.0
130.0,135.0,130.0,135.0
130.33333333333334,135.0,130.33333333333334,135.0
130.66666666666666,135.0,130.66666666666666,135.0
131.0,135.0,131.0,135.0
131.33333333333334,135.0,131.33333333333334,135.0
131.66666666666666,135.0,131.66666666666666,135.0
132.0,135.0,132.0,135.0
132.33333333333334,135.0,132.33333333333334,135.0
132.66666666666666,135.0,132.66666666666666,135.0
133.0,135.0,133.0,135.0
133.33333333333334,135.0,133.33333333333334,135.0
133.66666666666666,135.0,133.66666666666666,135.0
134.0,135.0,134.0,135.0
134.33333333333334,135.0,134.33333333333334,135.0
110.0,135.33333333333334,110.0,135.33333333333334
110.33333333333333,135.33333333333334,110.33333333333333,135.33333333333334
110.66666666666667,135.33333333333334,110.66666666666667,135.33333333333334
111.0,135.33333333333334,111.0,135.33333333333334
111.33333333333333,135.33333333333334,111.33333333333333,135.33333333333334
111.66666666666667,135.33333333333334,111.66666666666667,135.33333333333334
112.0,135.33333333333334,112.0,135.33333333333334
112.33333333333333,135.33333333333334,112.33333333333333,135.33333333333334
112.66666666666667,135.33333333333334,112.66666666666667,135.33333333333334
113.0,135.33333333333334,113.0,135.33333333333334
113.33333333333333,135.33333333333334,113.33333333333333,135.33333333333334
113.66666666666667,135.33333333333334,113.66666666666667,135.33333333333334
114.0,135.33333333333334,114.0,135.33333333333334
114.33333333333333,135.33333333333334,114.33333333333333,135.33333333333334
114.66666666666667,135.33333333333334,114.66666666666667,135.33333333333334
115.0,135.33333333333334,115.0,135.33333333333334
115.33333333333333,135.33333333333334,115.33333333333333,135.33333333333334
115.66666666666667,135.33333333333334,115.66666666666667,135.33333333333334
116.0,135.33333333333334,116.0,135.33333333333334
116.33333333333333,135.33333333333334,116.33333333333333,135.33333333333334
116.66666666666667,135.33333333333334,116.66666666666667,135.33333333333334
117.0,135.33333333333334,117.0,135.33333333333334
117.33333333333333,135.33333333333334,117.33333333333333,135.33333333333334
117.66666666666667,135.33333333333334,117.66666666666667,135.33333333333334
118.0,135.33333333333334,118.0,135.33333333333334
118.33333333333333,135.33333333333334,118.33333333333333,135.33333333333334
118.66666666666667,135.33333333333334,118.66666666666667,135.33333333333334
119.0,135.33333333333334,119.0,135.33333333333334
119.33333333333333,135.33333333333334,119.33333333333333,135.33333333333334
119.66666666666667,135.33333333333334,119.66666666666667,135.33333333333334
120.0,135.33333333333334,120.0,135.33333333333334
120.33333333333333,135.33333333333334,120.33333333333333,135.33333333333334
120.66666666666667,135.33333333333334,120.66666666666667,135.33333333333334
121.0,135.33333333333334,121.0,135.33333333333334
121.33333333333333,135.33333333333334,121.33333333333333,135.33333333333334
121.66666666666667,135.33333333333334,121.66666666666667,135.33333333333334
122.0,135.33333333333334,122.0,135.33333333333334
122.33333333333333,135.33333333333334,122.33333333333333,135.33333333333334
122.66666666666667,135.33333333333334,122.66666666666667,135.33333333333334
123.0,135.33333333333334,123.0,135.33333333333334
123.33333333333333,135.33333333333334,123.33333333333333,135.33333333333334
123.66666666666667,135.33333333333334,123.66666666666667,135.33333333333334
124.0,135.33333333333334,124.0,135.33333333333334
124.33333333333333,135.33333333333334,124.33333333333333,135.33333333333334
124.66666666666667,135.33333333333334,124.66666666666667,135.33333333333334
125.0,135.33333333333334,125.0,135.33333333333334
125.33333333333333,135.33333333333334,125.33333333333333,135.33333333333334
125.66666666666667,135.33333333333334,125.66666666666667,135.33333333333334
126.0,135.33333333333334,126.0,135.33333333333334
126.33333333333333,135.33333333333334,126.33333333333333,135.33333333333334
126.66666666666667,135.33333333333334,126.66666666666667,135.33333333333334
127.0,135.33333333333334,127.0,135.33333333333334
127.33333333333333,135.33333333333334,127.33333333333333,135.33333333333334
127.66666666666667,135.33333333333334,127.66666666666667,135.33333333333334
128.0,135.33333333333334,128.0,135.33333333333334
128.33333333333334,135.33333333333334,128.33333333333334,135.33333333333334
128.66666666666666,135.33333333333334,128.66666666666666,135.33333333333334
129.0,135.33333333333334,129.0,135.33333333333334
129.33333333333334,135.33333333333334,129.33333333333334,135.33333333333334
129.66666666666666,135.33333333333334,129.66666666666666,135.33333333333334
130.0,135.33333333333334,130.0,135.33333333333334
130.33333333333334,135.33333333333334,130.33333333333334,135.33333333333334
130.66666666666666,135.33333333333334,130.66666666666666,135.33333333333334
131.0,135.33333333333334,131.0,135.33333333333334
131.33333333333334,135.33333333333334,131.33333333333334,135.33333333333334
131.66666666666666,135.33333333333334,131.66666666666666,135.33333333333334
132.0,135.33333333333334,132.0,135.33333333333334
132.33333333333334,135.33333333333334,132.33333333333334,135.33333333333334
132.66666666666666,135.33333333333334,132.66666666666666,135.33333333333334
133.0,135.33333333333334,133.0,135.33333333333334
133.33333333333334,135.33333333333334,133.33333333333334,135.33333333333334
110.33333333333333,135.66666666666666,110.33333333333333,135.66666666666666
110.66666666666667,135.66666666666666,110.66666666666667,135.66666666666666
111.0,135.66666666666666,111.0,135.66666666666666
111.33333333333333,135.66666666666666,111.33333333333333,135.66666666666666
111.66666666666667,135.66666666666666,111.66666666666667,135.66666666666666
112.0,135.66666666666666,112.0,135.66666666666666
112.33333333333333,135.66666666666666,112.33333333333333,135.66666666666666
112.66666666666667,135.66666666666666,112.66666666666667,135.66666666666666
113.0,135.66666666666666,113.0,135.66666666666666
113.33333333333333,135.66666666666666,113.33333333333333,135.66666666666666
113.66666666666667,135.66666666666666,113.66666666666667,135.66666666666666
114.0,135.66666666666666,114.0,135.66666666666666
114.33333333333333,135.66666666666666,114.33333333333333,135.66666666666666
114.66666666666667,135.66666666666666,114.66666666666667,135.66666666666666
115.0,135.66666666666666,115.0,135.66666666666666
115.33333333333333,135.66666666666666,115.33333333333333,135.66666666666666
115.66666666666667,135.66666666666666,115.66666666666667,135.66666666666666
116.0,135.66666666666666,116.0,135.66666666666666
116.33333333333333,135.66666666666666,116.33333333333333,135.66666666666666
116.66666666666667,135.66666666666666,116.66666666666667,135.66666666666666
117.0,135.66666666666666,117.0,135.66666666666666
117.33333333333333,135.66666666666666,117.33333333333333,135.66666666666666
117.66666666666667,135.66666666666666,117.66666666666667,135.66666666666666
118.0,135.66666666666666,118.0,135.66666666666666
118.33333333333333,135.66666666666666,118.33333333333333,135.66666666666666
118.66666666666667,135.66666666666666,118.66666666666667,135.66666666666666
119.0,135.66666666666666,119.0,135.66666666666666
119.33333333333333,135.66666666666666,119.33333333333333,135.66666666666666
119.66666666666667,135.66666666666666,119.66666666666667,135.66666666666666
120.0,135.66666666666666,120.0,135.66666666666666
120.33333333333333,135.66666666666666,120.33333333333333,135.66666666666666
120.66666666666667,135.66666666666666,120.66666666666667,135.66666666666666
121.0,135.66666666666666,121.0,135.66666666666666
121.33333333333333,135.66666666666666,121.33333333333333,135.66666666666666
121.66666666666667,135.66666666666666,121.66666666666667,135.66666666666666
122.0,135.66666666666666,122.0,135.66666666666666
122.33333333333333,135.66666666666666,122.33333333333333,135.66666666666666
122.66666666666667,135.66666666666666,122.66666666666667,135.66666666666666
123.0,135.66666666666666,123.0,135.66666666666666
123.33333333333333,135.66666666666666,123.33333333333333,135.66666666666666
123.66666666666667,135.66666666666666,123.66666666666667,135.66666666666666
124.0,135.66666666666666,124.0,135.66666666666666
124.33333333333333,135.66666666666666,124.33333333333333,135.66666666666666
124.66666666666667,135.66666666666666,124.66666666666667,135.66666666666666
125.0,135.66666666666666,125.0,135.66666666666666
125.33333333333333,135.66666666666666,125.33333333333333,135.66666666666666
125.66666666666667,135.66666666666666,125.66666666666667,135.66666666666666
126.0,135.66666666666666,126.0,135.66666666666666
126.33333333333333,135.66666666666666,126.33333333333333,135.66666666666666
126.66666666666667,135.66666666666666,126.66666666666667,135.66666666666666
127.0,135.66666666666666,127.0,135.66666666666666
127.33333333333333,135.66666666666666,127.33333333333333,135.66666666666666
127.66666666666667,135.66666666666666,127.66666666666667,135.66666666666666
128.0,135.66666666666666,128.0,135.66666666666666
128.33333333333334,135.66666666666666,128.33333333333334,135.66666666666666
128.66666666666666,135.66666666666666,128.66666666666666,135.66666666666666
129.0,135.66666666666666,129.0,135.66666666666666
129.33333333333334,135.66666666666666,129.33333333333334,135.66666666666666
129.66666666666666,135.66666666666666,129.66666666666666,135.66666666666666
130.0,135.66666666666666,130.0,135.66666666666666
130.33333333333334,135.66666666666666,130.33333333333334,135.66666666666666
130.66666666666666,135.66666666666666,130.66666666666666,135.66666666666666
131.0,135.66666666666666,131.0,135.66666666666666
131.33333333333334,135.66666666666666,131.33333333333334,135.66666666666666
131.66666666666666,135.66666666666666,131.66666666666666,135.66666666666666
132.0,135.66666666666666,132.0,135.66666666666666
132.33333333333334,135.66666666666666,132.33333333333334,135.66666666666666
132.66666666666666,135.66666666666666,132.66666666666666,135.66666666666666
133.0,135.66666666666666,133.0,135.66666666666666
110.33333333333333,136.0,110.33333333333333,136.0
110.66666666666667,136.0,110.66666666666667,136.0
111.0,136.0,111.0,136.0
111.33333333333333,136.0,111.33333333333333,136.0
111.66666666666667,136.0,111.66666666666667,136.0
112.0,136.0,112.0,136.0
112.33333333333333,136.0,112.33333333333333,136.0
112.66666666666667,136.0,112.66666666666667,136.0
113.0,136.0,113.0,136.0
113.33333333333333,136.0,113.33333333333333,136.0
113.66666666666667,136.0,113.66666666666667,136.0
114.0,136.0,114.0,136.0
114.33333333333333,136.0,114.33333333333333,136.0
114.66666666666667,136.0,114.66666666666667,136.0
115.0,136.0,115.0,136.0
115.33333333333333,136.0,115.33333333333333,136.0
115.66666666666667,136.0,115.66666666666667,136.0
116.0,136.0,116.0,136.0
116.33333333333333,136.0,116.33333333333333,136.0
116.66666666666667,136.0,116.66666666666667,136.0
117.0,136.0,117.0,136.0
117.33333333333333,136.0,117.33333333333333,136.0
117.66666666666667,136.0,117.66666666666667,136.0
118.0,136.0,118.0,136.0
118.33333333333333,136.0,118.33333333333333,136.0
118.66666666666667,136.0,118.66666666666667,136.0
119.0,136.0,119.0,136.0
119.33333333333333,136.0,119.33333333333333,136.0
119.66666666666667,136.0,119.66666666666667,136.0
120.0,136.0,120.0,136.0
120.33333333333333,136.0,120.33333333333333,136.0
120.66666666666667,136.0,120.66666666666667,136.0
121.0,136.0,121.0,136.0
121.33333333333333,136.0,121.33333333333333,136.0
121.66666666666667,136.0,121.66666666666667,136.0
122.0,136.0,122.0,136.0
122.33333333333333,136.0,122.33333333333333,136.0
122.66666666666667,136.0,122.66666666666667,136.0
123.0,136.0,123.0,136.0
123.33333333333333,136.0,123.33333333333333,136.0
123.66666666666667,136.0,123.66666666666667,136.0
124.0,136.0,124.0,136.0
124.33333333333333,136.0,124.33333333333333,136.0
124.66666666666667,136.0,124.66666666666667,136.0
125.0,136.0,125.0,136.0
125.33333333333333,136.0,125.33333333333333,136.0
125.66666666666667,136.0,125.66666666666667,136.0
126.0,136.0,126.0,136.0
126.33333333333333,136.0,126.33333333333333,136.0
126.66666666666667,136.0,126.66666666666667,136.0
127.0,136.0,127.0,136.0
127.33333333333333,136.0,127.33333333333333,136.0
127.66666666666667,136.0,127.66666666666667,136.0
128.0,136.0,128.0,136.0
128.33333333333334,136.0,128.33333333333334,136.0
128.66666666666666,136.0,128.66666666666666,136.0
129.0,136.0,129.0,136.0
129.33333333333334,136.0,129.33333333333334,136.0
129.66666666666666,136.0,129.66666666666666,136.0
130.0,136.0,130.0,136.0
130.33333333333334,136.0,130.33333333333334,136.0
130.66666666666666,136.0,130.66666666666666,136.0
131.0,136.0,131.0,136.0
131.33333333333334,136.0,131.33333333333334,136.0
131.66666666666666,136.0,131.66666666666666,136.0
132.0,136.0,132.0,136.0
110.33333333333333,136.33333333333334,110.33333333333333,136.33333333333334
110.66666666666667,136.33333333333334,110.66666666666667,136.33333333333334
111.0,136.33333333333334,111.0,136.33333333333334
111.33333333333333,136.33333333333334,111.33333333333333,136.33333333333334
111.66666666666667,136.33333333333334,111.66666666666667,136.33333333333334
112.0,136.33333333333334,112.0,136.33333333333334
112.33333333333333,136.33333333333334,112.33333333333333,136.33333333333334
112.66666666666667,136.33333333333334,112.66666666666667,136.33333333333334
113.0,136.33333333333334,113.0,136.33333333333334
113.33333333333333,136.33333333333334,113.33333333333333,136.33333333333334
113.66666666666667,136.33333333333334,113.66666666666667,136.33333333333334
114.0,136.33333333333334,114.0,136.33333333333334
114.33333333333333,136.33333333333334,114.33333333333333,136.33333333333334
114.66666666666667,136.33333333333334,114.66666666666667,136.33333333333334
115.0,136.33333333333334,115.0,136.33333333333334
115.33333333333333,136.33333333333334,115.33333333333333,136.33333333333334
115.66666666666667,136.33333333333334,115.66666666666667,136.33333333333334
116.0,136.33333333333334,116.0,136.33333333333334
116.33333333333333,136.33333333333334,116.33333333333333,136.33333333333334
116.66666666666667,136.33333333333334,116.66666666666667,136.33333333333334
117.0,136.33333333333334,117.0,136.33333333333334
117.33333333333333,136.33333333333334,117.33333333333333,136.33333333333334
117.66666666666667,136.33333333333334,117.66666666666667,136.33333333333334
118.0,136.33333333333334,118.0,136.33333333333334
118.33333333333333,136.33333333333334,118.33333333333333,136.33333333333334
118.66666666666667,136.33333333333334,118.66666666666667,136.33333333333334
119.0,136.33333333333334,119.0,136.33333333333334
119.33333333333333,136.33333333333334,119.33333333333333,136.33333333333334
119.66666666666667,136.33333333333334,119.66666666666667,136.33333333333334
120.0,136.33333333333334,120.0,136.33333333333334
120.33333333333333,136.33333333333334,120.33333333333333,136.33333333333334
120.66666666666667,136.33333333333334,120.66666666666667,136.33333333333334
121.0,136.33333333333334,121.0,136.33333333333334
121.33333333333333,136.33333333333334,121.33333333333333,136.33333333333334
121.66666666666667,136.33333333333334,121.66666666666667,136.33333333333334
122.0,136.33333333333334,122.0,136.33333333333334
122.33333333333333,136.33333333333334,122.33333333333333,136.33333333333334
122.66666666666667,136.33333333333334,122.66666666666667,136.33333333333334
123.0,136.33333333333334,123.0,136.33333333333334
123.33333333333333,136.33333333333334,123.33333333333333,136.33333333333334
123.66666666666667,136.33333333333334,123.66666666666667,136.33333333333334
124.0,136.33333333333334,124.0,136.33333333333334
124.33333333333333,136.33333333333334,124.33333333333333,136.33333333333334
124.66666666666667,136.33333333333334,124.66666666666667,136.33333333333334
125.0,136.33333333333334,125.0,136.33333333333334
125.33333333333333,136.33333333333334,125.33333333333333,136.33333333333334
125.66666666666667,136.33333333333334,125.66666666666667,136.33333333333334
126.0,136.33333333333334,126.0,136.33333333333334
126.33333333333333,136.33333333333334,126.33333333333333,136.33333333333334
126.66666666666667,136.33333333333334,126.66666666666667,136.33333333333334
127.0,136.33333333333334,127.0,136.33333333333334
127.33333333333333,136.33333333333334,127.33333333333333,136.33333333333334
127.66666666666667,136.33333333333334,127.66666666666667,136.33333333333334
128.0,136.33333333333334,128.0,136.33333333333334
128.33333333333334,136.33333333333334,128.33333333333334,136.33333333333334
128.66666666666666,136.33333333333334,128.66666666666666,136.33333333333334
129.0,136.33333333333334,129.0,136.33333333333334
129.33333333333334,136.33333333333334,129.33333333333334,136.33333333333334
129.66666666666666,136.33333333333334,129.66666666666666,136.33333333333334
130.0,136.33333333333334,130.0,136.33333333333334
130.33333333333334,136.33333333333334,130.33333333333334,136.33333333333334
130.66666666666666,136.33333333333334,130.66666666666666,136.33333333333334
131.0,136.33333333333334,131.0,136.33333333333334
131.33333333333334,136.33333333333334,131.33333333333334,136.33333333333334
131.66666666666666,136.33333333333334,131.66666666666666,136.33333333333334
132.0,136.33333333333334,132.0,136.33333333333334
110.33333333333333,136.66666666666666,110.33333333333333,136.66666666666666
110.66666666666667,136.66666666666666,110.66666666666667,136.66666666666666
111.0,136.66666666666666,111.0,136.66666666666666
111.33333333333333,136.66666666666666,111.33333333333333,136.66666666666666
111.66666666666667,136.66666666666666,111.66666666666667,136.66666666666666
112.0,136.66666666666666,112.0,136.66666666666666
112.33333333333333,136.66666666666666,112.33333333333333,136.66666666666666
112.66666666666667,136.66666666666666,112.66666666666667,136.66666666666666
113.0,136.66666666666666,113.0,136.66666666666666
113.33333333333333,136.66666666666666,113.33333333333333,136.66666666666666
113.66666666666667,136.66666666666666,113.66666666666667,136.66666666666666
114.0,136.66666666666666,114.0,136.66666666666666
114.33333333333333,136.66666666666666,114.33333333333333,136.66666666666666
114.66666666666667,136.66666666666666,114.66666666666667,136.66666666666666
115.0,136.66666666666666,115.0,136.66666666666666
115.33333333333333,136.66666666666666,115.33333333333333,136.66666666666666
115.66666666666667,136.66666666666666,115.66666666666667,136.66666666666666
116.0,136.66666666666666,116.0,136.66666666666666
116.33333333333333,136.66666666666666,116.33333333333333,136.66666666666666
116.66666666666667,136.66666666666666,116.66666666666667,136.66666666666666
117.0,136.66666666666666,117.0,136.66666666666666
117.33333333333333,136.66666666666666,117.33333333333333,136.66666666666666
117.66666666666667,136.66666666666666,117.66666666666667,136.66666666666666
118.0,136.66666666666666,118.0,136.66666666666666
118.33333333333333,136.66666666666666,118.33333333333333,136.66666666666666
118.66666666666667,136.66666666666666,118.66666666666667,136.66666666666666
119.0,136.66666666666666,119.0,136.66666666666666
119.33333333333333,136.66666666666666,119.33333333333333,136.66666666666666
119.66666666666667,136.66666666666666,119.66666666666667,136.66666666666666
120.0,136.66666666666666,120.0,136.66666666666666
120.33333333333333,136.66666666666666,120.33333333333333,136.66666666666666
120.66666666666667,136.66666666666666,120.66666666666667,136.66666666666666
121.0,136.66666666666666,121.0,136.66666666666666
121.33333333333333,136.66666666666666,121.33333333333333,136.66666666666666
121.66666666666667,136.66666666666666,121.66666666666667,136.66666666666666
122.0,136.66666666666666,122.0,136.66666666666666
122.33333333333333,136.66666666666666,122.33333333333333,136.66666666666666
122.66666666666667,136.66666666666666,122.66666666666667,136.66666666666666
123.0,136.66666666666666,123.0,136.66666666666666
123.33333333333333,136.66666666666666,123.33333333333333,136.66666666666666
123.66666666666667,136.66666666666666,123.66666666666667,136.66666666666666
124.0,136.66666666666666,124.0,136.66666666666666
124.33333333333333,136.66666666666666,124.33333333333333,136.66666666666666
124.66666666666667,136.66666666666666,124.66666666666667,136.66666666666666
125.0,136.66666666666666,125.0,136.66666666666666
125.33333333333333,136.66666666666666,125.33333333333333,136.66666666666666
125.66666666666667,136.66666666666666,125.66666666666667,136.66666666666666
126.0,136.66666666666666,126.0,136.66666666666666
126.33333333333333,136.66666666666666,126.33333333333333,136.66666666666666
126.66666666666667,136.66666666666666,126.66666666666667,136.66666666666666
127.0,136.66666666666666,127.0,136.66666666666666
127.33333333333333,136.66666666666666,127.33333333333333,136.66666666666666
127.66666666666667,136.66666666666666,127.66666666666667,136.66666666666666
128.0,136.66666666666666,128.0,136.66666666666666
128.33333333333334,136.66666666666666,128.33333333333334,136.66666666666666
128.66666666666666,136.66666666666666,128.66666666666666,136.66666666666666
129.0,136.66666666666666,129.0,136.66666666666666
129.33333333333334,136.66666666666666,129.33333333333334,136.66666666666666
129.66666666666666,136.66666666666666,129.66666666666666,136.66666666666666
130.0,136.66666666666666,130.0,136.66666666666666
130.33333333333334,136.66666666666666,130.33333333333334,136.66666666666666
130.66666666666666,136.66666666666666,130.66666666666666,136.66666666666666
131.0,136.66666666666666,131.0,136.66666666666666
131.33333333333334,136.66666666666666,131.33333333333334,136.66666666666666
131.66666666666666,136.66666666666666,131.66666666666666,136.66666666666666
110.66666666666667,137.0,110.66666666666667,137.0
111.0,137.0,111.0,137.0
111.33333333333333,137.0,111.33333333333333,137.0
111.66666666666667,137.0,111.66666666666667,137.0
112.0,137.0,112.0,137.0
112.33333333333333,137.0,112.33333333333333,137.0
112.66666666666667,137.0,112.66666666666667,137.0
113.0,137.0,113.0,137.0
113.33333333333333,137.0,113.33333333333333,137.0
113.66666666666667,137.0,113.66666666666667,137.0
114.0,137.0,114.0,137.0
114.33333333333333,137.0,114.33333333333333,137.0
114.66666666666667,137.0,114.66666666666667,137.0
115.0,137.0,115.0,137.0
115.33333333333333,137.0,115.33333333333333,137.0
115.66666666666667,137.0,115.66666666666667,137.0
116.0,137.0,116.0,137.0
116.33333333333333,137.0,116.33333333333333,137.0
116.66666666666667,137.0,116.66666666666667,137.0
117.0,137.0,117.0,137.0
117.33333333333333,137.0,117.33333333333333,137.0
117.66666666666667,137.0,117.66666666666667,137.0
118.0,137.0,118.0,137.0
118.33333333333333,137.0,118.33333333333333,137.0
118.66666666666667,137.0,118.66666666666667,137.0
119.0,137.0,119.0,137.0
119.33333333333333,137.0,119.33333333333333,137.0
119.66666666666667,137.0,119.66666666666667,137.0
120.0,137.0,120.0,137.0
120.33333333333333,137.0,120.33333333333333,137.0
120.66666666666667,137.0,120.66666666666667,137.0
121.0,137.0,121.0,137.0
121.33333333333333,137.0,121.33333333333333,137.0
121.66666666666667,137.0,121.66666666666667,137.0
122.0,137.0,122.0,137.0
122.33333333333333,137.0,122.33333333333333,137.0
122.66666666666667,137.0,122.66666666666667,137.0
123.0,137.0,123.0,137.0
123.33333333333333,137.0,123.33333333333333,137.0
123.66666666666667,137.0,123.66666666666667,137.0
124.0,137.0,124.0,137.0
124.33333333333333,137.0,124.33333333333333,137.0
124.66666666666667,137.0,124.66666666666667,137.0
125.0,137.0,125.0,137.0
125.33333333333333,137.0,125.33333333333333,137.0
125.66666666666667,137.0,125.66666666666667,137.0
126.0,137.0,126.0,137.0
126.33333333333333,137.0,126.33333333333333,137.0
126.66666666666667,137.0,126.66666666666667,137.0
127.0,137.0,127.0,137.0
127.33333333333333,137.0,127.33333333333333,137.0
127.66666666666667,137.0,127.66666666666667,137.0
128.0,137.0,128.0,137.0
128.33333333333334,137.0,128.33333333333334,137.0
128.66666666666666,137.0,128.66666666666666,137.0
129.0,137.0,129.0,137.0
129.33333333333334,137.0,129.33333333333334,137.0
129.66666666666666,137.0,129.66666666666666,137.0
130.0,137.0,130.0,137.0
130.33333333333334,137.0,130.33333333333334,137.0
130.66666666666666,137.0,130.66666666666666,137.0
131.0,137.0,131.0,137.0
111.0,137.33333333333334,111.0,137.33333333333334
111.33333333333333,137.33333333333334,111.33333333333333,137.33333333333334
111.66666666666667,137.33333333333334,111.66666666666667,137.33333333333334
112.0,137.33333333333334,112.0,137.33333333333334
112.33333333333333,137.33333333333334,112.33333333333333,137.33333333333334
112.66666666666667,137.33333333333334,112.66666666666667,137.33333333333334
113.0,137.33333333333334,113.0,137.33333333333334
113.33333333333333,137.33333333333334,113.33333333333333,137.33333333333334
113.66666666666667,137.33333333333334,113.66666666666667,137.33333333333334
114.0,137.33333333333334,114.0,137.33333333333334
114.33333333333333,137.33333333333334,114.33333333333333,137.33333333333334
114.66666666666667,137.33333333333334,114.66666666666667,137.33333333333334
115.0,137.33333333333334,115.0,137.33333333333334
115.33333333333333,137.33333333333334,115.33333333333333,137.33333333333334
115.66666666666667,137.33333333333334,115.66666666666667,137.33333333333334
116.0,137.33333333333334,116.0,137.33333333333334
116.33333333333333,137.33333333333334,116.33333333333333,137.33333333333334
116.66666666666667,137.33333333333334,116.66666666666667,137.33333333333334
117.0,137.33333333333334,117.0,137.33333333333334
117.33333333333333,137.33333333333334,117.33333333333333,137.33333333333334
117.66666666666667,137.33333333333334,117.66666666666667,137.33333333333334
118.0,137.33333333333334,118.0,137.33333333333334
118.33333333333333,137.33333333333334,118.33333333333333,137.33333333333334
118.66666666666667,137.33333333333334,118.66666666666667,137.33333333333334
119.0,137.33333333333334,119.0,137.33333333333334
119.33333333333333,137.33333333333334,119.33333333333333,137.33333333333334
119.66666666666667,137.33333333333334,119.66666666666667,137.33333333333334
120.0,137.33333333333334,120.0,137.33333333333334
120.33333333333333,137.33333333333334,120.33333333333333,137.33333333333334
120.66666666666667,137.33333333333334,120.66666666666667,137.33333333333334
121.0,137.33333333333334,121.0,137.33333333333334
121.33333333333333,137.33333333333334,121.33333333333333,137.33333333333334
121.66666666666667,137.33333333333334,121.66666666666667,137.33333333333334
122.0,137.33333333333334,122.0,137.33333333333334
122.33333333333333,137.33333333333334,122.33333333333333,137.33333333333334
122.66666666666667,137.33333333333334,122.66666666666667,137.33333333333334
123.0,137.33333333333334,123.0,137.33333333333334
123.33333333333333,137.33333333333334,123.33333333333333,137.33333333333334
123.66666666666667,137.33333333333334,123.66666666666667,137.33333333333334
124.0,137.33333333333334,124.0,137.33333333333334
124.33333333333333,137.33333333333334,124.33333333333333,137.33333333333334
124.66666666666667,137.33333333333334,124.66666666666667,137.33333333333334
125.0,137.33333333333334,125.0,137.33333333333334
125.33333333333333,137.33333333333334,125.33333333333333,137.33333333333334
125.66666666666667,137.33333333333334,125.66666666666667,137.33333333333334
126.0,137.33333333333334,126.0,137.33333333333334
126.33333333333333,137.33333333333334,126.33333333333333,137.33333333333334
126.66666666666667,137.33333333333334,126.66666666666667,137.33333333333334
127.0,137.33333333333334,127.0,137.33333333333334
127.33333333333333,137.33333333333334,127.33333333333333,137.33333333333334
127.66666666666667,137.33333333333334,127.66666666666667,137.33333333333334
128.0,137.33333333333334,128.0,137.33333333333334
128.33333333333334,137.33333333333334,128.33333333333334,137.33333333333334
128.66666666666666,137.33333333333334,128.66666666666666,137.33333333333334
129.0,137.33333333333334,129.0,137.33333333333334
129.33333333333334,137.33333333333334,129.33333333333334,137.33333333333334
129.66666666666666,137.33333333333334,129.66666666666666,137.33333333333334
130.0,137.33333333333334,130.0,137.33333333333334
130.33333333333334,137.33333333333334,130.33333333333334,137.33333333333334
130.66666666666666,137.33333333333334,130.66666666666666,137.33333333333334
111.33333333333333,137.66666666666666,111.33333333333333,137.66666666666666
111.66666666666667,137.66666666666666,111.66666666666667,137.66666666666666
112.0,137.66666666666666,112.0,137.66666666666666
112.33333333333333,137.66666666666666,112.33333333333333,137.66666666666666
112.66666666666667,137.66666666666666,112.66666666666667,137.66666666666666
113.0,137.66666666666666,113.0,137.66666666666666
113.33333333333333,137.66666666666666,113.33333333333333,137.66666666666666
113.66666666666667,137.66666666666666,113.66666666666667,137.66666666666666
114.0,137.66666666666666,114.0,137.66666666666666
114.33333333333333,137.66666666666666,114.33333333333333,137.66666666666666
114.66666666666667,137.66666666666666,114.66666666666667,137.66666666666666
115.0,137.66666666666666,115.0,137.66666666666666
115.33333333333333,137.66666666666666,115.33333333333333,137.66666666666666
115.66666666666667,137.66666666666666,115.66666666666667,137.66666666666666
116.0,137.66666666666666,116.0,137.66666666666666
116.33333333333333,137.66666666666666,116.33333333333333,137.66666666666666
116.66666666666667,137.66666666666666,116.66666666666667,137.66666666666666
117.0,137.66666666666666,117.0,137.66666666666666
117.33333333333333,137.66666666666666,117.33333333333333,137.66666666666666
117.66666666666667,137.66666666666666,117.66666666666667,137.66666666666666
118.0,137.66666666666666,118.0,137.66666666666666
118.33333333333333,137.66666666666666,118.33333333333333,137.66666666666666
118.66666666666667,137.66666666666666,118.66666666666667,137.66666666666666
119.0,137.66666666666666,119.0,137.66666666666666
119.33333333333333,137.66666666666666,119.33333333333333,137.66666666666666
119.66666666666667,137.66666666666666,119.66666666666667,137.66666666666666
120.0,137.66666666666666,120.0,137.66666666666666
120.33333333333333,137.66666666666666,120.33333333333333,137.66666666666666
120.66666666666667,137.66666666666666,120.66666666666667,137.66666666666666
121.0,137.66666666666666,121.0,137.66666666666666
121.33333333333333,137.66666666666666,121.33333333333333,137.66666666666666
121.66666666666667,137.66666666666666,121.66666666666667,137.66666666666666
122.0,137.66666666666666,122.0,137.66666666666666
122.33333333333333,137.66666666666666,122.33333333333333,137.66666666666666
122.66666666666667,137.66666666666666,122.66666666666667,137.66666666666666
123.0,137.66666666666666,123.0,137.66666666666666
123.33333333333333,137.66666666666666,123.33333333333333,137.66666666666666
123.66666666666667,137.66666666666666,123.66666666666667,137.66666666666666
124.0,137.66666666666666,124.0,137.66666666666666
124.33333333333333,137.66666666666666,124.33333333333333,137.66666666666666
124.66666666666667,137.66666666666666,124.66666666666667,137.66666666666666
125.0,137.66666666666666,125.0,137.66666666666666
125.33333333333333,137.66666666666666,125.33333333333333,137.66666666666666
125.66666666666667,137.66666666666666,125.66666666666667,137.66666666666666
126.0,137.66666666666666,126.0,137.66666666666666
126.33333333333333,137.66666666666666,126.33333333333333,137.66666666666666
126.66666666666667,137.66666666666666,126.66666666666667,137.66666666666666
127.0,137.66666666666666,127.0,137.66666666666666
127.33333333333333,137.66666666666666,127.33333333333333,137.66666666666666
127.66666666666667,137.66666666666666,127.66666666666667,137.66666666666666
128.0,137.66666666666666,128.0,137.66666666666666
128.33333333333334,137.66666666666666,128.33333333333334,137.66666666666666
128.66666666666666,137.66666666666666,128.66666666666666,137.66666666666666
129.0,137.66666666666666,129.0,137.66666666666666
129.33333333333334,137.66666666666666,129.33333333333334,137.66666666666666
129.66666666666666,137.66666666666666,129.66666666666666,137.66666666666666
130.0,137.66666666666666,130.0,137.66666666666666
130.33333333333334,137.66666666666666,130.33333333333334,137.66666666666666
111.33333333333333,138.0,111.33333333333333,138.0
111.66666666666667,138.0,111.66666666666667,138.0
112.0,138.0,112.0,138.0
112.33333333333333,138.0,112.33333333333333,138.0
112.66666666666667,138.0,112.66666666666667,138.0
113.0,138.0,113.0,138.0
113.33333333333333,138.0,113.33333333333333,138.0
113.66666666666667,138.0,113.66666666666667,138.0
114.0,138.0,114.0,138.0
114.33333333333333,138.0,114.33333333333333,138.0
114.66666666666667,138.0,114.66666666666667,138.0
115.0,138.0,115.0,138.0
115.33333333333333,138.0,115.33333333333333,138.0
115.66666666666667,138.0,115.66666666666667,138.0
116.0,138.0,116.0,138.0
116.33333333333333,138.0,116.33333333333333,138.0
116.66666666666667,138.0,116.66666666666667,138.0
117.0,138.0,117.0,138.0
117.33333333333333,138.0,117.33333333333333,138.0
117.66666666666667,138.0,117.66666666666667,138.0
118.0,138.0,118.0,138.0
118.33333333333333,138.0,118.33333333333333,138.0
118.66666666666667,138.0,118.66666666666667,138.0
119.0,138.0,119.0,138.0
119.33333333333333,138.0,119.33333333333333,138.0
119.66666666666667,138.0,119.66666666666667,138.0
120.0,138.0,120.0,138.0
120.33333333333333,138.0,120.33333333333333,138.0
120.66666666666667,138.0,120.66666666666667,138.0
121.0,138.0,121.0,138.0
121.33333333333333,138.0,121.33333333333333,138.0
121.66666666666667,138.0,121.66666666666667,138.0
122.0,138.0,122.0,138.0
122.33333333333333,138.0,122.33333333333333,138.0
122.66666666666667,138.0,122.66666666666667,138.0
123.0,138.0,123.0,138.0
123.33333333333333,138.0,123.33333333333333,138.0
123.66666666666667,138.0,123.66666666666667,138.0
124.0,138.0,124.0,138.0
124.33333333333333,138.0,124.33333333333333,138.0
124.66666666666667,138.0,124.66666666666667,138.0
125.0,138.0,125.0,138.0
125.33333333333333,138.0,125.33333333333333,138.0
125.66666666666667,138.0,125.66666666666667,138.0
126.0,138.0,126.0,138.0
126.33333333333333,138.0,126.33333333333333,138.0
126.66666666666667,138.0,126.66666666666667,138.0
127.0,138.0,127.0,138.0
127.33333333333333,138.0,127.33333333333333,138.0
127.66666666666667,138.0,127.66666666666667,138.0
128.0,138.0,128.0,138.0
128.33333333333334,138.0,128.33333333333334,138.0
128.66666666666666,138.0,128.66666666666666,138.0
129.0,138.0,129.0,138.0
129.33333333333334,138.0,129.33333333333334,138.0
129.66666666666666,138.0,129.66666666666666,138.0
130.0,138.0,130.0,138.0
111.33333333333333,138.33333333333334,111.33333333333333,138.33333333333334
111.66666666666667,138.33333333333334,111.66666666666667,138.33333333333334
112.0,138.33333333333334,112.0,138.33333333333334
112.33333333333333,138.33333333333334,112.33333333333333,138.33333333333334
112.66666666666667,138.33333333333334,112.66666666666667,138.33333333333334
113.0,138.33333333333334,113.0,138.33333333333334
113.33333333333333,138.33333333333334,113.33333333333333,138.33333333333334
113.66666666666667,138.33333333333334,113.66666666666667,138.33333333333334
114.0,138.33333333333334,114.0,138.33333333333334
114.33333333333333,138.33333333333334,114.33333333333333,138.33333333333334
114.66666666666667,138.33333333333334,114.66666666666667,138.33333333333334
115.0,138.33333333333334,115.0,138.33333333333334
115.33333333333333,138.33333333333334,115.33333333333333,138.33333333333334
115.66666666666667,138.33333333333334,115.66666666666667,138.33333333333334
116.0,138.33333333333334,116.0,138.33333333333334
116.33333333333333,138.33333333333334,116.33333333333333,138.33333333333334
116.66666666666667,138.33333333333334,116.66666666666667,138.33333333333334
117.0,138.33333333333334,117.0,138.33333333333334
117.33333333333333,138.33333333333334,117.33333333333333,138.33333333333334
117.66666666666667,138.33333333333334,117.66666666666667,138.33333333333334
118.0,138.33333333333334,118.0,138.33333333333334
118.33333333333333,138.33333333333334,118.33333333333333,138.33333333333334
118.66666666666667,138.33333333333334,118.66666666666667,138.33333333333334
119.0,138.33333333333334,119.0,138.33333333333334
119.33333333333333,138.33333333333334,119.33333333333333,138.33333333333334
119.66666666666667,138.33333333333334,119.66666666666667,138.33333333333334
120.0,138.33333333333334,120.0,138.33333333333334
120.33333333333333,138.33333333333334,120.33333333333333,138.33333333333334
120.66666666666667,138.33333333333334,120.66666666666667,138.33333333333334
121.0,138.33333333333334,121.0,138.33333333333334
121.33333333333333,138.33333333333334,121.33333333333333,138.33333333333334
121.66666666666667,138.33333333333334,121.66666666666667,138.33333333333334
122.0,138.33333333333334,122.0,138.33333333333334
122.33333333333333,138.33333333333334,122.33333333333333,138.33333333333334
122.66666666666667,138.33333333333334,122.66666666666667,138.33333333333334
123.0,138.33333333333334,123.0,138.33333333333334
123.33333333333333,138.33333333333334,123.33333333333333,138.33333333333334
123.66666666666667,138.33333333333334,123.66666666666667,138.33333333333334
124.0,138.33333333333334,124.0,138.33333333333334
124.33333333333333,138.33333333333334,124.33333333333333,138.33333333333334
124.66666666666667,138.33333333333334,124.66666666666667,138.33333333333334
125.0,138.33333333333334,125.0,138.33333333333334
125.33333333333333,138.33333333333334,125.33333333333333,138.33333333333334
125.66666666666667,138.33333333333334,125.66666666666667,138.33333333333334
126.0,138.33333333333334,126.0,138.33333333333334
126.33333333333333,138.33333333333334,126.33333333333333,138.33333333333334
126.66666666666667,138.33333333333334,126.66666666666667,138.33333333333334
127.0,138.33333333333334,127.0,138.33333333333334
127.33333333333333,138.33333333333334,127.33333333333333,138.33333333333334
127.66666666666667,138.33333333333334,127.66666666666667,138.33333333333334
128.0,138.33333333333334,128.0,138.33333333333334
128.33333333333334,138.33333333333334,128.33333333333334,138.33333333333334
128.66666666666666,138.33333333333334,128.66666666666666,138.33333333333334
129.0,138.33333333333334,129.0,138.33333333333334
129.33333333333334,138.33333333333334,129.33333333333334,138.33333333333334
129.66666666666666,138.33333333333334,129.66666666666666,138.33333333333334
111.66666666666667,138.66666666666666,111.66666666666667,138.66666666666666
112.0,138.66666666666666,112.0,138.66666666666666
112.33333333333333,138.66666666666666,112.33333333333333,138.66666666666666
112.66666666666667,138.66666666666666,112.66666666666667,138.66666666666666
113.0,138.66666666666666,113.0,138.66666666666666
113.33333333333333,138.66666666666666,113.33333333333333,138.66666666666666
113.66666666666667,138.66666666666666,113.66666666666667,138.66666666666666
114.0,138.66666666666666,114.0,138.66666666666666
114.33333333333333,138.66666666666666,114.33333333333333,138.66666666666666
114.66666666666667,138.66666666666666,114.66666666666667,138.66666666666666
115.0,138.66666666666666,115.0,138.66666666666666
115.33333333333333,138.66666666666666,115.33333333333333,138.66666666666666
115.66666666666667,138.66666666666666,115.66666666666667,138.66666666666666
116.0,138.66666666666666,116.0,138.66666666666666
116.33333333333333,138.66666666666666,116.33333333333333,138.66666666666666
116.66666666666667,138.66666666666666,116.66666666666667,138.66666666666666
117.0,138.66666666666666,117.0,138.66666666666666
117.33333333333333,138.66666666666666,117.33333333333333,138.66666666666666
117.66666666666667,138.66666666666666,117.66666666666667,138.66666666666666
118.0,138.66666666666666,118.0,138.66666666666666
118.33333333333333,138.66666666666666,118.33333333333333,138.66666666666666
118.66666666666667,138.66666666666666,118.66666666666667,138.66666666666666
119.0,138.66666666666666,119.0,138.66666666666666
119.33333333333333,138.66666666666666,119.33333333333333,138.66666666666666
119.66666666666667,138.66666666666666,119.66666666666667,138.66666666666666
120.0,138.66666666666666,120.0,138.66666666666666
120.33333333333333,138.66666666666666,120.33333333333333,138.66666666666666
120.66666666666667,138.66666666666666,120.66666666666667,138.66666666666666
121.0,138.66666666666666,121.0,138.66666666666666
121.33333333333333,138.66666666666666,121.33333333333333,138.66666666666666
121.66666666666667,138.66666666666666,121.66666666666667,138.66666666666666
122.0,138.66666666666666,122.0,138.66666666666666
122.33333333333333,138.66666666666666,122.33333333333333,138.66666666666666
122.66666666666667,138.66666666666666,122.66666666666667,138.66666666666666
123.0,138.66666666666666,123.0,138.66666666666666
123.33333333333333,138.66666666666666,123.33333333333333,138.66666666666666
123.66666666666667,138.66666666666666,123.66666666666667,138.66666666666666
124.0,138.66666666666666,124.0,138.66666666666666
124.33333333333333,138.66666666666666,124.33333333333333,138.66666666666666
124.66666666666667,138.66666666666666,124.66666666666667,138.66666666666666
125.0,138.66666666666666,125.0,138.66666666666666
125.33333333333333,138.66666666666666,125.33333333333333,138.66666666666666
125.66666666666667,138.66666666666666,125.66666666666667,138.66666666666666
126.0,138.66666666666666,126.0,138.66666666666666
126.33333333333333,138.66666666666666,126.33333333333333,138.66666666666666
126.66666666666667,138.66666666666666,126.66666666666667,138.66666666666666
127.0,138.66666666666666,127.0,138.66666666666666
127.33333333333333,138.66666666666666,127.33333333333333,138.66666666666666
127.66666666666667,138.66666666666666,127.66666666666667,138.66666666666666
128.0,138.66666666666666,128.0,138.66666666666666
128.33333333333334,138.66666666666666,128.33333333333334,138.66666666666666
128.66666666666666,138.66666666666666,128.66666666666666,138.66666666666666
129.0,138.66666666666666,129.0,138.66666666666666
129.33333333333334,138.66666666666666,129.33333333333334,138.66666666666666
111.66666666666667,139.0,111.66666666666667,139.0
112.0,139.0,112.0,139.0
112.33333333333333,139.0,112.33333333333333,139.0
112.66666666666667,139.0,112.66666666666667,139.0
113.0,139.0,113.0,139.0
113.33333333333333,139.0,113.33333333333333,139.0
113.66666666666667,139.0,113.66666666666667,139.0
114.0,139.0,114.0,139.0
114.33333333333333,139.0,114.33333333333333,139.0
114.66666666666667,139.0,114.66666666666667,139.0
115.0,139.0,115.0,139.0
115.33333333333333,139.0,115.33333333333333,139.0
115.66666666666667,139.0,115.66666666666667,139.0
116.0,139.0,116.0,139.0
116.33333333333333,139.0,116.33333333333333,139.0
116.66666666666667,139.0,116.66666666666667,139.0
117.0,139.0,117.0,139.0
117.33333333333333,139.0,117.33333333333333,139.0
117.66666666666667,139.0,117.66666666666667,139.0
118.0,139.0,118.0,139.0
118.33333333333333,139.0,118.33333333333333,139.0
118.66666666666667,139.0,118.66666666666667,139.0
119.0,139.0,119.0,139.0
119.33333333333333,139.0,119.33333333333333,139.0
119.66666666666667,139.0,119.66666666666667,139.0
120.0,139.0,120.0,139.0
120.33333333333333,139.0,120.33333333333333,139.0
120.66666666666667,139.0,120.66666666666667,139.0
121.0,139.0,121.0,139.0
121.33333333333333,139.0,121.33333333333333,139.0
121.66666666666667,139.0,121.66666666666667,139.0
122.0,139.0,122.0,139.0
122.33333333333333,139.0,122.33333333333333,139.0
122.66666666666667,139.0,122.66666666666667,139.0
123.0,139.0,123.0,139.0
123.33333333333333,139.0,123.33333333333333,139.0
123.66666666666667,139.0,123.66666666666667,139.0
124.0,139.0,124.0,139.0
124.33333333333333,139.0,124.33333333333333,139.0
124.66666666666667,139.0,124.66666666666667,139.0
125.0,139.0,125.0,139.0
125.33333333333333,139.0,125.33333333333333,139.0
125.66666666666667,139.0,125.66666666666667,139.0
126.0,139.0,126.0,139.0
126.33333333333333,139.0,126.33333333333333,139.0
126.66666666666667,139.0,126.66666666666667,139.0
127.0,139.0,127.0,139.0
127.33333333333333,139.0,127.33333333333333,139.0
127.66666666666667,139.0,127.66666666666667,139.0
128.0,139.0,128.0,139.0
128.33333333333334,139.0,128.33333333333334,139.0
128.66666666666666,139.0,128.66666666666666,139.0
129.0,139.0,129.0,139.0
111.66666666666667,139.33333333333334,111.66666666666667,139.33333333333334
112.0,139.33333333333334,112.0,139.33333333333334
112.33333333333333,139.33333333333334,112.33333333333333,139.33333333333334
112.66666666666667,139.33333333333334,112.66666666666667,139.33333333333334
113.0,139.33333333333334,113.0,139.33333333333334
113.33333333333333,139.33333333333334,113.33333333333333,139.33333333333334
113.66666666666667,139.33333333333334,113.66666666666667,139.33333333333334
114.0,139.33333333333334,114.0,139.33333333333334
114.33333333333333,139.33333333333334,114.33333333333333,139.33333333333334
114.66666666666667,139.33333333333334,114.66666666666667,139.33333333333334
115.0,139.33333333333334,115.0,139.33333333333334
115.33333333333333,139.33333333333334,115.33333333333333,139.33333333333334
115.66666666666667,139.33333333333334,115.66666666666667,139.33333333333334
116.0,139.33333333333334,116.0,139.33333333333334
116.33333333333333,139.33333333333334,116.33333333333333,139.33333333333334
116.66666666666667,139.33333333333334,116.66666666666667,139.33333333333334
117.0,139.33333333333334,117.0,139.33333333333334
117.33333333333333,139.33333333333334,117.33333333333333,139.33333333333334
117.66666666666667,139.33333333333334,117.66666666666667,139.33333333333334
118.0,139.33333333333334,118.0,139.33333333333334
118.33333333333333,139.33333333333334,118.33333333333333,139.33333333333334
118.66666666666667,139.33333333333334,118.66666666666667,139.33333333333334
119.0,139.33333333333334,119.0,139.33333333333334
119.33333333333333,139.33333333333334,119.33333333333333,139.33333333333334
119.66666666666667,139.33333333333334,119.66666666666667,139.33333333333334
120.0,139.33333333333334,120.0,139.33333333333334
120.33333333333333,139.33333333333334,120.33333333333333,139.33333333333334
120.66666666666667,139.33333333333334,120.66666666666667,139.33333333333334
121.0,139.33333333333334,121.0,139.33333333333334
121.33333333333333,139.33333333333334,121.33333333333333,139.33333333333334
121.66666666666667,139.33333333333334,121.66666666666667,139.33333333333334
122.0,139.33333333333334,122.0,139.33333333333334
122.33333333333333,139.33333333333334,122.33333333333333,139.33333333333334
122.66666666666667,139.33333333333334,122.66666666666667,139.33333333333334
123.0,139.33333333333334,123.0,139.33333333333334
123.33333333333333,139.33333333333334,123.33333333333333,139.33333333333334
123.66666666666667,139.33333333333334,123.66666666666667,139.33333333333334
124.0,139.33333333333334,124.0,139.33333333333334
124.33333333333333,139.33333333333334,124.33333333333333,139.33333333333334
124.66666666666667,139.33333333333334,124.66666666666667,139.33333333333334
125.0,139.33333333333334,125.0,139.33333333333334
125.33333333333333,139.33333333333334,125.33333333333333,139.33333333333334
125.66666666666667,139.33333333333334,125.66666666666667,139.33333333333334
126.0,139.33333333333334,126.0,139.33333333333334
126.33333333333333,139.33333333333334,126.33333333333333,139.33333333333334
126.66666666666667,139.33333333333334,126.66666666666667,139.33333333333334
127.0,139.33333333333334,127.0,139.33333333333334
127.33333333333333,139.33333333333334,127.33333333333333,139.33333333333334
127.66666666666667,139.33333333333334,127.66666666666667,139.33333333333334
128.0,139.33333333333334,128.0,139.33333333333334
128.33333333333334,139.33333333333334,128.33333333333334,139.33333333333334
128.66666666666666,139.33333333333334,128.66666666666666,139.33333333333334
129.0,139.33333333333334,129.0,139.33333333333334
111.66666666666667,139.66666666666666,111.66666666666667,139.66666666666666
112.0,139.66666666666666,112.0,139.66666666666666
112.33333333333333,139.66666666666666,112.33333333333333,139.66666666666666
112.66666666666667,139.66666666666666,112.66666666666667,139.66666666666666
113.0,139.66666666666666,113.0,139.66666666666666
113.33333333333333,139.66666666666666,113.33333333333333,139.66666666666666
113.66666666666667,139.66666666666666,113.66666666666667,139.66666666666666
114.0,139.66666666666666,114.0,139.66666666666666
114.33333333333333,139.66666666666666,114.33333333333333,139.66666666666666
114.66666666666667,139.66666666666666,114.66666666666667,139.66666666666666
115.0,139.66666666666666,115.0,139.66666666666666
115.33333333333333,139.66666666666666,115.33333333333333,139.66666666666666
115.66666666666667,139.66666666666666,115.66666666666667,139.66666666666666
116.0,139.66666666666666,116.0,139.66666666666666
116.33333333333333,139.66666666666666,116.33333333333333,139.66666666666666
116.66666666666667,139.66666666666666,116.66666666666667,139.66666666666666
117.0,139.66666666666666,117.0,139.66666666666666
117.33333333333333,139.66666666666666,117.33333333333333,139.66666666666666
117.66666666666667,139.66666666666666,117.66666666666667,139.66666666666666
118.0,139.66666666666666,118.0,139.66666666666666
118.33333333333333,139.66666666666666,118.33333333333333,139.66666666666666
118.66666666666667,139.66666666666666,118.66666666666667,139.66666666666666
119.0,139.66666666666666,119.0,139.66666666666666
119.33333333333333,139.66666666666666,119.33333333333333,139.66666666666666
119.66666666666667,139.66666666666666,119.66666666666667,139.66666666666666
120.0,139.66666666666666,120.0,139.66666666666666
120.33333333333333,139.66666666666666,120.33333333333333,139.66666666666666
120.66666666666667,139.66666666666666,120.66666666666667,139.66666666666666
121.0,139.66666666666666,121.0,139.66666666666666
121.33333333333333,139.66666666666666,121.33333333333333,139.66666666666666
121.66666666666667,139.66666666666666,121.66666666666667,139.66666666666666
122.0,139.66666666666666,122.0,139.66666666666666
122.33333333333333,139.66666666666666,122.33333333333333,139.66666666666666
122.66666666666667,139.66666666666666,122.66666666666667,139.66666666666666
123.0,139.66666666666666,123.0,139.66666666666666
123.33333333333333,139.66666666666666,123.33333333333333,139.66666666666666
123.66666666666667,139.66666666666666,123.66666666666667,139.66666666666666
124.0,139.66666666666666,124.0,139.66666666666666
124.33333333333333,139.66666666666666,124.33333333333333,139.66666666666666
124.66666666666667,139.66666666666666,124.66666666666667,139.66666666666666
125.0,139.66666666666666,125.0,139.66666666666666
125.33333333333333,139.66666666666666,125.33333333333333,139.66666666666666
125.66666666666667,139.66666666666666,125.66666666666667,139.66666666666666
126.0,139.66666666666666,126.0,139.66666666666666
126.33333333333333,139.66666666666666,126.33333333333333,139.66666666666666
126.66666666666667,139.66666666666666,126.66666666666667,139.66666666666666
127.0,139.66666666666666,127.0,139.66666666666666
127.33333333333333,139.66666666666666,127.33333333333333,139.66666666666666
127.66666666666667,139.66666666666666,127.66666666666667,139.66666666666666
128.0,139.66666666666666,128.0,139.66666666666666
128.33333333333334,139.66666666666666,128.33333333333334,139.66666666666666
128.66666666666666,139.66666666666666,128.66666666666666,139.66666666666666
112.0,140.0,112.0,140.0
112.33333333333333,140.0,112.33333333333333,140.0
112.66666666666667,140.0,112.66666666666667,140.0
113.0,140.0,113.0,140.0
113.33333333333333,140.0,113.33333333333333,140.0
113.66666666666667,140.0,113.66666666666667,140.0
114.0,140.0,114.0,140.0
114.33333333333333,140.0,114.33333333333333,140.0
114.66666666666667,140.0,114.66666666666667,140.0
115.0,140.0,115.0,140.0
115.33333333333333,140.0,115.33333333333333,140.0
115.66666666666667,140.0,115.66666666666667,140.0
116.0,140.0,116.0,140.0
116.33333333333333,140.0,116.33333333333333,140.0
116.66666666666667,140.0,116.66666666666667,140.0
117.0,140.0,117.0,140.0
117.33333333333333,140.0,117.33333333333333,140.0
117.66666666666667,140.0,117.66666666666667,140.0
118.0,140.0,118.0,140.0
118.33333333333333,140.0,118.33333333333333,140.0
118.66666666666667,140.0,118.66666666666667,140.0
119.0,140.0,119.0,140.0
119.33333333333333,140.0,119.33333333333333,140.0
119.66666666666667,140.0,119.66666666666667,140.0
120.0,140.0,120.0,140.0
120.33333333333333,140.0,120.33333333333333,140.0
120.66666666666667,140.0,120.66666666666667,140.0
121.0,140.0,121.0,140.0
121.33333333333333,140.0,121.33333333333333,140.0
121.66666666666667,140.0,121.66666666666667,140.0
122.0,140.0,122.0,140.0
122.33333333333333,140.0,122.33333333333333,140.0
122.66666666666667,140.0,122.66666666666667,140.0
123.0,140.0,123.0,140.0
123.33333333333333,140.0,123.33333333333333,140.0
123.66666666666667,140.0,123.66666666666667,140.0
124.0,140.0,124.0,140.0
124.33333333333333,140.0,124.33333333333333,140.0
124.66666666666667,140.0,124.66666666666667,140.0
125.0,140.0,125.0,140.0
125.33333333333333,140.0,125.33333333333333,140.0
125.66666666666667,140.0,125.66666666666667,140.0
126.0,140.0,126.0,140.0
126.33333333333333,140.0,126.33333333333333,140.0
126.66666666666667,140.0,126.66666666666667,140.0
127.0,140.0,127.0,140.0
127.33333333333333,140.0,127.33333333333333,140.0
127.66666666666667,140.0,127.66666666666667,140.0
128.0,140.0,128.0,140.0
128.33333333333334,140.0,128.33333333333334,140.0
112.33333333333333,140.33333333333334,112.33333333333333,140.33333333333334
112.66666666666667,140.33333333333334,112.66666666666667,140.33333333333334
113.0,140.33333333333334,113.0,140.33333333333334
113.33333333333333,140.33333333333334,113.33333333333333,140.33333333333334
113.66666666666667,140.33333333333334,113.66666666666667,140.33333333333334
114.0,140.33333333333334,114.0,140.33333333333334
114.33333333333333,140.33333333333334,114.33333333333333,140.33333333333334
114.66666666666667,140.33333333333334,114.66666666666667,140.33333333333334
115.0,140.33333333333334,115.0,140.33333333333334
115.33333333333333,140.33333333333334,115.33333333333333,140.33333333333334
115.66666666666667,140.33333333333334,115.66666666666667,140.33333333333334
116.0,140.33333333333334,116.0,140.33333333333334
116.33333333333333,140.33333333333334,116.33333333333333,140.33333333333334
116.66666666666667,140.33333333333334,116.66666666666667,140.33333333333334
117.0,140.33333333333334,117.0,140.33333333333334
117.33333333333333,140.33333333333334,117.33333333333333,140.33333333333334
117.66666666666667,140.33333333333334,117.66666666666667,140.33333333333334
118.0,140.33333333333334,118.0,140.33333333333334
118.33333333333333,140.33333333333334,118.33333333333333,140.33333333333334
118.66666666666667,140.33333333333334,118.66666666666667,140.33333333333334
119.0,140.33333333333334,119.0,140.33333333333334
119.33333333333333,140.33333333333334,119.33333333333333,140.33333333333334
119.66666666666667,140.33333333333334,119.66666666666667,140.33333333333334
120.0,140.33333333333334,120.0,140.33333333333334
120.33333333333333,140.33333333333334,120.33333333333333,140.33333333333334
120.66666666666667,140.33333333333334,120.66666666666667,140.33333333333334
121.0,140.33333333333334,121.0,140.33333333333334
121.33333333333333,140.33333333333334,121.33333333333333,140.33333333333334
121.66666666666667,140.33333333333334,121.66666666666667,140.33333333333334
122.0,140.33333333333334,122.0,140.33333333333334
122.33333333333333,140.33333333333334,122.33333333333333,140.33333333333334
122.66666666666667,140.33333333333334,122.66666666666667,140.33333333333334
123.0,140.33333333333334,123.0,140.33333333333334
123.33333333333333,140.33333333333334,123.33333333333333,140.33333333333334
123.66666666666667,140.33333333333334,123.66666666666667,140.33333333333334
124.0,140.33333333333334,124.0,140.33333333333334
124.33333333333333,140.33333333333334,124.33333333333333,140.33333333333334
124.66666666666667,140.33333333333334,124.66666666666667,140.33333333333334
125.0,140.33333333333334,125.0,140.33333333333334
125.33333333333333,140.33333333333334,125.33333333333333,140.33333333333334
125.66666666666667,140.33333333333334,125.66666666666667,140.33333333333334
126.0,140.33333333333334,126.0,140.33333333333334
126.33333333333333,140.33333333333334,126.33333333333333,140.33333333333334
126.66666666666667,140.33333333333334,126.66666666666667,140.33333333333334
127.0,140.33333333333334,127.0,140.33333333333334
127.33333333333333,140.33333333333334,127.33333333333333,140.33333333333334
127.66666666666667,140.33333333333334,127.66666666666667,140.33333333333334
128.0,140.33333333333334,128.0,140.33333333333334
112.33333333333333,140.66666666666666,112.33333333333333,140.66666666666666
112.66666666666667,140.66666666666666,112.66666666666667,140.66666666666666
113.0,140.66666666666666,113.0,140.66666666666666
113.33333333333333,140.66666666666666,113.33333333333333,140.66666666666666
113.66666666666667,140.66666666666666,113.66666666666667,140.66666666666666
114.0,140.66666666666666,114.0,140.66666666666666
114.33333333333333,140.66666666666666,114.33333333333333,140.66666666666666
114.66666666666667,140.66666666666666,114.66666666666667,140.66666666666666
115.0,140.66666666666666,115.0,140.66666666666666
115.33333333333333,140.66666666666666,115.33333333333333,140.66666666666666
115.66666666666667,140.66666666666666,115.66666666666667,140.66666666666666
116.0,140.66666666666666,116.0,140.66666666666666
116.33333333333333,140.66666666666666,116.33333333333333,140.66666666666666
116.66666666666667,140.66666666666666,116.66666666666667,140.66666666666666
117.0,140.66666666666666,117.0,140.66666666666666
117.33333333333333,140.66666666666666,117.33333333333333,140.66666666666666
117.66666666666667,140.66666666666666,117.66666666666667,140.66666666666666
118.0,140.66666666666666,118.0,140.66666666666666
118.33333333333333,140.66666666666666,118.33333333333333,140.66666666666666
118.66666666666667,140.66666666666666,118.66666666666667,140.66666666666666
119.0,140.66666666666666,119.0,140.66666666666666
119.33333333333333,140.66666666666666,119.33333333333333,140.66666666666666
119.66666666666667,140.66666666666666,119.66666666666667,140.66666666666666
120.0,140.66666666666666,120.0,140.66666666666666
120.33333333333333,140.66666666666666,120.33333333333333,140.66666666666666
120.66666666666667,140.66666666666666,120.66666666666667,140.66666666666666
121.0,140.66666666666666,121.0,140.66666666666666
121.33333333333333,140.66666666666666,121.33333333333333,140.66666666666666
121.66666666666667,140.66666666666666,121.66666666666667,140.66666666666666
122.0,140.66666666666666,122.0,140.66666666666666
122.33333333333333,140.66666666666666,122.33333333333333,140.66666666666666
122.66666666666667,140.66666666666666,122.66666666666667,140.66666666666666
123.0,140.66666666666666,123.0,140.66666666666666
123.33333333333333,140.66666666666666,123.33333333333333,140.66666666666666
123.66666666666667,140.66666666666666,123.66666666666667,140.66666666666666
124.0,140.66666666666666,124.0,140.66666666666666
124.33333333333333,140.66666666666666,124.33333333333333,140.66666666666666
124.66666666666667,140.66666666666666,124.66666666666667,140.66666666666666
125.0,140.66666666666666,125.0,140.66666666666666
125.33333333333333,140.66666666666666,125.33333333333333,140.66666666666666
125.66666666666667,140.66666666666666,125.66666666666667,140.66666666666666
126.0,140.66666666666666,126.0,140.66666666666666
126.33333333333333,140.66666666666666,126.33333333333333,140.66666666666666
126.66666666666667,140.66666666666666,126.66666666666667,140.66666666666666
127.0,140.66666666666666,127.0,140.66666666666666
127.33333333333333,140.66666666666666,127.33333333333333,140.66666666666666
127.66666666666667,140.66666666666666,127.66666666666667,140.66666666666666
128.0,140.66666666666666,128.0,140.66666666666666
112.33333333333333,141.0,112.33333333333333,141.0
112.66666666666667,141.0,112.66666666666667,141.0
113.0,141.0,113.0,141.0
113.33333333333333,141.0,113.33333333333333,141.0
113.66666666666667,141.0,113.66666666666667,141.0
114.0,141.0,114.0,141.0
114.33333333333333,141.0,114.33333333333333,141.0
114.66666666666667,141.0,114.66666666666667,141.0
115.0,141.0,115.0,141.0
115.33333333333333,141.0,115.33333333333333,141.0
115.66666666666667,141.0,115.66666666666667,141.0
116.0,141.0,116.0,141.0
116.33333333333333,141.0,116.33333333333333,141.0
116.66666666666667,141.0,116.66666666666667,141.0
117.0,141.0,117.0,141.0
117.33333333333333,141.0,117.33333333333333,141.0
117.66666666666667,141.0,117.66666666666667,141.0
118.0,141.0,118.0,141.0
118.33333333333333,141.0,118.33333333333333,141.0
118.66666666666667,141.0,118.66666666666667,141.0
119.0,141.0,119.0,141.0
119.33333333333333,141.0,119.33333333333333,141.0
119.66666666666667,141.0,119.66666666666667,141.0
120.0,141.0,120.0,141.0
120.33333333333333,141.0,120.33333333333333,141.0
120.66666666666667,141.0,120.66666666666667,141.0
121.0,141.0,121.0,141.0
121.33333333333333,141.0,121.33333333333333,141.0
121.66666666666667,141.0,121.66666666666667,141.0
122.0,141.0,122.0,141.0
122.33333333333333,141.0,122.33333333333333,141.0
122.66666666666667,141.0,122.66666666666667,141.0
123.0,141.0,123.0,141.0
123.33333333333333,141.0,123.33333333333333,141.0
123.66666666666667,141.0,123.66666666666667,141.0
124.0,141.0,124.0,141.0
124.33333333333333,141.0,124.33333333333333,141.0
124.66666666666667,141.0,124.66666666666667,141.0
125.0,141.0,125.0,141.0
125.33333333333333,141.0,125.33333333333333,141.0
125.66666666666667,141.0,125.66666666666667,141.0
126.0,141.0,126.0,141.0
126.33333333333333,141.0,126.33333333333333,141.0
126.66666666666667,141.0,126.66666666666667,141.0
127.0,141.0,127.0,141.0
127.33333333333333,141.0,127.33333333333333,141.0
127.66666666666667,141.0,127.66666666666667,141.0
112.66666666666667,141.33333333333334,112.66666666666667,141.33333333333334
113.0,141.33333333333334,113.0,141.33333333333334
113.33333333333333,141.33333333333334,113.33333333333333,141.33333333333334
113.66666666666667,141.33333333333334,113.66666666666667,141.33333333333334
114.0,141.33333333333334,114.0,141.33333333333334
114.33333333333333,141.33333333333334,114.33333333333333,141.33333333333334
114.66666666666667,141.33333333333334,114.66666666666667,141.33333333333334
115.0,141.33333333333334,115.0,141.33333333333334
115.33333333333333,141.33333333333334,115.33333333333333,141.33333333333334
115.66666666666667,141.33333333333334,115.66666666666667,141.33333333333334
116.0,141.33333333333334,116.0,141.33333333333334
116.33333333333333,141.33333333333334,116.33333333333333,141.33333333333334
116.66666666666667,141.33333333333334,116.66666666666667,141.33333333333334
117.0,141.33333333333334,117.0,141.33333333333334
117.33333333333333,141.33333333333334,117.33333333333333,141.33333333333334
117.66666666666667,141.33333333333334,117.66666666666667,141.33333333333334
118.0,141.33333333333334,118.0,141.33333333333334
118.33333333333333,141.33333333333334,118.33333333333333,141.33333333333334
118.66666666666667,141.33333333333334,118.66666666666667,141.33333333333334
119.0,141.33333333333334,119.0,141.33333333333334
119.33333333333333,141.33333333333334,119.33333333333333,141.33333333333334
119.66666666666667,141.33333333333334,119.66666666666667,141.33333333333334
120.0,141.33333333333334,120.0,141.33333333333334
120.33333333333333,141.33333333333334,120.33333333333333,141.33333333333334
120.66666666666667,141.33333333333334,120.66666666666667,141.33333333333334
121.0,141.33333333333334,121.0,141.33333333333334
121.33333333333333,141.33333333333334,121.33333333333333,141.33333333333334
121.66666666666667,141.33333333333334,121.66666666666667,141.33333333333334
122.0,141.33333333333334,122.0,141.33333333333334
122.33333333333333,141.33333333333334,122.33333333333333,141.33333333333334
122.66666666666667,141.33333333333334,122.66666666666667,141.33333333333334
123.0,141.33333333333334,123.0,141.33333333333334
123.33333333333333,141.33333333333334,123.33333333333333,141.33333333333334
123.66666666666667,141.33333333333334,123.66666666666667,141.33333333333334
124.0,141.33333333333334,124.0,141.33333333333334
124.33333333333333,141.33333333333334,124.33333333333333,141.33333333333334
124.66666666666667,141.33333333333334,124.66666666666667,141.33333333333334
125.0,141.33333333333334,125.0,141.33333333333334
125.33333333333333,141.33333333333334,125.33333333333333,141.33333333333334
125.66666666666667,141.33333333333334,125.66666666666667,141.33333333333334
126.0,141.33333333333334,126.0,141.33333333333334
126.33333333333333,141.33333333333334,126.33333333333333,141.33333333333334
126.66666666666667,141.33333333333334,126.66666666666667,141.33333333333334
127.0,141.33333333333334,127.0,141.33333333333334
127.33333333333333,141.33333333333334,127.33333333333333,141.33333333333334
113.0,141.66666666666666,113.0,141.66666666666666
113.33333333333333,141.66666666666666,113.33333333333333,141.66666666666666
113.66666666666667,141.66666666666666,113.66666666666667,141.66666666666666
114.0,141.66666666666666,114.0,141.66666666666666
114.33333333333333,141.66666666666666,114.33333333333333,141.66666666666666
114.66666666666667,141.66666666666666,114.66666666666667,141.66666666666666
115.0,141.66666666666666,115.0,141.66666666666666
115.33333333333333,141.66666666666666,115.33333333333333,141.66666666666666
115.66666666666667,141.66666666666666,115.66666666666667,141.66666666666666
116.0,141.66666666666666,116.0,141.66666666666666
116.33333333333333,141.66666666666666,116.33333333333333,141.66666666666666
116.66666666666667,141.66666666666666,116.66666666666667,141.66666666666666
117.0,141.66666666666666,117.0,141.66666666666666
117.33333333333333,141.66666666666666,117.33333333333333,141.66666666666666
117.66666666666667,141.66666666666666,117.66666666666667,141.66666666666666
118.0,141.66666666666666,118.0,141.66666666666666
118.33333333333333,141.66666666666666,118.33333333333333,141.66666666666666
118.66666666666667,141.66666666666666,118.66666666666667,141.66666666666666
119.0,141.66666666666666,119.0,141.66666666666666
119.33333333333333,141.66666666666666,119.33333333333333,141.66666666666666
119.66666666666667,141.66666666666666,119.66666666666667,141.66666666666666
120.0,141.66666666666666,120.0,141.66666666666666
120.33333333333333,141.66666666666666,120.33333333333333,141.66666666666666
120.66666666666667,141.66666666666666,120.66666666666667,141.66666666666666
121.0,141.66666666666666,121.0,141.66666666666666
121.33333333333333,141.66666666666666,121.33333333333333,141.66666666666666
121.66666666666667,141.66666666666666,121.66666666666667,141.66666666666666
122.0,141.66666666666666,122.0,141.66666666666666
122.33333333333333,141.66666666666666,122.33333333333333,141.66666666666666
122.66666666666667,141.66666666666666,122.66666666666667,141.66666666666666
123.0,141.66666666666666,123.0,141.66666666666666
123.33333333333333,141.66666666666666,123.33333333333333,141.66666666666666
123.66666666666667,141.66666666666666,123.66666666666667,141.66666666666666
124.0,141.66666666666666,124.0,141.66666666666666
124.33333333333333,141.66666666666666,124.33333333333333,141.66666666666666
124.66666666666667,141.66666666666666,124.66666666666667,141.66666666666666
125.0,141.66666666666666,125.0,141.66666666666666
125.33333333333333,141.66666666666666,125.33333333333333,141.66666666666666
125.66666666666667,141.66666666666666,125.66666666666667,141.66666666666666
126.0,141.66666666666666,126.0,141.66666666666666
126.33333333333333,141.66666666666666,126.33333333333333,141.66666666666666
126.66666666666667,141.66666666666666,126.66666666666667,141.66666666666666
113.33333333333333,142.0,113.33333333333333,142.0
113.66666666666667,142.0,113.66666666666667,142.0
114.0,142.0,114.0,142.0
114.33333333333333,142.0,114.33333333333333,142.0
114.66666666666667,142.0,114.66666666666667,142.0
115.0,142.0,115.0,142.0
115.33333333333333,142.0,115.33333333333333,142.0
115.66666666666667,142.0,115.66666666666667,142.0
116.0,142.0,116.0,142.0
116.33333333333333,142.0,116.33333333333333,142.0
116.66666666666667,142.0,116.66666666666667,142.0
117.0,142.0,117.0,142.0
117.33333333333333,142.0,117.33333333333333,142.0
117.66666666666667,142.0,117.66666666666667,142.0
118.0,142.0,118.0,142.0
118.33333333333333,142.0,118.33333333333333,142.0
118.66666666666667,142.0,118.66666666666667,142.0
119.0,142.0,119.0,142.0
119.33333333333333,142.0,119.33333333333333,142.0
119.66666666666667,142.0,119.66666666666667,142.0
120.0,142.0,120.0,142.0
120.33333333333333,142.0,120.33333333333333,142.0
120.66666666666667,142.0,120.66666666666667,142.0
121.0,142.0,121.0,142.0
121.33333333333333,142.0,121.33333333333333,142.0
121.66666666666667,142.0,121.66666666666667,142.0
122.0,142.0,122.0,142.0
122.33333333333333,142.0,122.33333333333333,142.0
122.66666666666667,142.0,122.66666666666667,142.0
123.0,142.0,123.0,142.0
123.33333333333333,142.0,123.33333333333333,142.0
123.66666666666667,142.0,123.66666666666667,142.0
124.0,142.0,124.0,142.0
124.33333333333333,142.0,124.33333333333333,142.0
124.66666666666667,142.0,124.66666666666667,142.0
125.0,142.0,125.0,142.0
125.33333333333333,142.0,125.33333333333333,142.0
125.66666666666667,142.0,125.66666666666667,142.0
126.0,142.0,126.0,142.0
126.33333333333333,142.0,126.33333333333333,142.0
126.66666666666667,142.0,126.66666666666667,142.0
113.66666666666667,142.33333333333334,113.66666666666667,142.33333333333334
114.0,142.33333333333334,114.0,142.33333333333334
114.33333333333333,142.33333333333334,114.33333333333333,142.33333333333334
114.66666666666667,142.33333333333334,114.66666666666667,142.33333333333334
115.0,142.33333333333334,115.0,142.33333333333334
115.33333333333333,142.33333333333334,115.33333333333333,142.33333333333334
115.66666666666667,142.33333333333334,115.66666666666667,142.33333333333334
116.0,142.33333333333334,116.0,142.33333333333334
116.33333333333333,142.33333333333334,116.33333333333333,142.33333333333334
116.66666666666667,142.33333333333334,116.66666666666667,142.33333333333334
117.0,142.33333333333334,117.0,142.33333333333334
117.33333333333333,142.33333333333334,117.33333333333333,142.33333333333334
117.66666666666667,142.33333333333334,117.66666666666667,142.33333333333334
118.0,142.33333333333334,118.0,142.33333333333334
118.33333333333333,142.33333333333334,118.33333333333333,142.33333333333334
118.66666666666667,142.33333333333334,118.66666666666667,142.33333333333334
119.0,142.33333333333334,119.0,142.33333333333334
119.33333333333333,142.33333333333334,119.33333333333333,142.33333333333334
119.66666666666667,142.33333333333334,119.66666666666667,142.33333333333334
120.0,142.33333333333334,120.0,142.33333333333334
120.33333333333333,142.33333333333334,120.33333333333333,142.33333333333334
120.66666666666667,142.33333333333334,120.66666666666667,142.33333333333334
121.0,142.33333333333334,121.0,142.33333333333334
121.33333333333333,142.33333333333334,121.33333333333333,142.33333333333334
121.66666666666667,142.33333333333334,121.66666666666667,142.33333333333334
122.0,142.33333333333334,122.0,142.33333333333334
122.33333333333333,142.33333333333334,122.33333333333333,142.33333333333334
122.66666666666667,142.33333333333334,122.66666666666667,142.33333333333334
123.0,142.33333333333334,123.0,142.33333333333334
123.33333333333333,142.33333333333334,123.33333333333333,142.33333333333334
123.66666666666667,142.33333333333334,123.66666666666667,142.33333333333334
124.0,142.33333333333334,124.0,142.33333333333334
124.33333333333333,142.33333333333334,124.33333333333333,142.33333333333334
124.66666666666667,142.33333333333334,124.66666666666667,142.33333333333334
125.0,142.33333333333334,125.0,142.33333333333334
125.33333333333333,142.33333333333334,125.33333333333333,142.33333333333334
125.66666666666667,142.33333333333334,125.66666666666667,142.33333333333334
126.0,142.33333333333334,126.0,142.33333333333334
113.66666666666667,142.66666666666666,113.66666666666667,142.66666666666666
114.0,142.66666666666666,114.0,142.66666666666666
114.33333333333333,142.66666666666666,114.33333333333333,142.66666666666666
114.66666666666667,142.66666666666666,114.66666666666667,142.66666666666666
115.0,142.66666666666666,115.0,142.66666666666666
115.33333333333333,142.66666666666666,115.33333333333333,142.66666666666666
115.66666666666667,142.66666666666666,115.66666666666667,142.66666666666666
116.0,142.66666666666666,116.0,142.66666666666666
116.33333333333333,142.66666666666666,116.33333333333333,142.66666666666666
116.66666666666667,142.66666666666666,116.66666666666667,142.66666666666666
117.0,142.66666666666666,117.0,142.66666666666666
117.33333333333333,142.66666666666666,117.33333333333333,142.66666666666666
117.66666666666667,142.66666666666666,117.66666666666667,142.66666666666666
118.0,142.66666666666666,118.0,142.66666666666666
118.33333333333333,142.66666666666666,118.33333333333333,142.66666666666666
118.66666666666667,142.66666666666666,118.66666666666667,142.66666666666666
119.0,142.66666666666666,119.0,142.66666666666666
119.33333333333333,142.66666666666666,119.33333333333333,142.66666666666666
119.66666666666667,142.66666666666666,119.66666666666667,142.66666666666666
120.0,142.66666666666666,120.0,142.66666666666666
120.33333333333333,142.66666666666666,120.33333333333333,142.66666666666666
120.66666666666667,142.66666666666666,120.66666666666667,142.66666666666666
121.0,142.66666666666666,121.0,142.66666666666666
121.33333333333333,142.66666666666666,121.33333333333333,142.66666666666666
121.66666666666667,142.66666666666666,121.66666666666667,142.66666666666666
122.0,142.66666666666666,122.0,142.66666666666666
122.33333333333333,142.66666666666666,122.33333333333333,142.66666666666666
122.66666666666667,142.66666666666666,122.66666666666667,142.66666666666666
123.0,142.66666666666666,123.0,142.66666666666666
123.33333333333333,142.66666666666666,123.33333333333333,142.66666666666666
123.66666666666667,142.66666666666666,123.66666666666667,142.66666666666666
124.0,142.66666666666666,124.0,142.66666666666666
124.33333333333333,142.66666666666666,124.33333333333333,142.66666666666666
124.66666666666667,142.66666666666666,124.66666666666667,142.66666666666666
125.0,142.66666666666666,125.0,142.66666666666666
114.33333333333333,143.0,114.33333333333333,143.0
114.66666666666667,143.0,114.66666666666667,143.0
115.0,143.0,115.0,143.0
115.33333333333333,143.0,115.33333333333333,143.0
115.66666666666667,143.0,115.66666666666667,143.0
116.0,143.0,116.0,143.0
116.33333333333333,143.0,116.33333333333333,143.0
116.66666666666667,143.0,116.66666666666667,143.0
117.0,143.0,117.0,143.0
117.33333333333333,143.0,117.33333333333333,143.0
117.66666666666667,143.0,117.66666666666667,143.0
118.0,143.0,118.0,143.0
118.33333333333333,143.0,118.33333333333333,143.0
118.66666666666667,143.0,118.66666666666667,143.0
119.0,143.0,119.0,143.0
119.33333333333333,143.0,119.33333333333333,143.0
119.66666666666667,143.0,119.66666666666667,143.0
120.0,143.0,120.0,143.0
120.33333333333333,143.0,120.33333333333333,143.0
120.66666666666667,143.0,120.66666666666667,143.0
121.0,143.0,121.0,143.0
121.33333333333333,143.0,121.33333333333333,143.0
121.66666666666667,143.0,121.66666666666667,143.0
122.0,143.0,122.0,143.0
122.33333333333333,143.0,122.33333333333333,143.0
122.66666666666667,143.0,122.66666666666667,143.0
123.0,143.0,123.0,143.0
123.33333333333333,143.0,123.33333333333333,143.0
123.66666666666667,143.0,123.66666666666667,143.0
